11672 25
11673 25
11673 25
11673 25
11674 25
11674 25
11675 25
11675 25
11675 25
11676 25
11676 25
11676 25
11677 25
11677 25
11677 25
11678 25
11678 25
11679 25
11679 25
11679 25
11680 25
11680 25
11680 25
11681 25
11681 25
11681 25
11684 25
11686 25
11688 25
11690 25
11692 25
11692 25
11692 25
11693 25
11693 25
11693 25
11694 25
11694 25
11695 25
11695 25
11695 25
11696 25
11696 25
11696 25
11697 25
11697 25
11697 25
11698 25
11698 25
11699 25
11699 25
11699 25
11700 25
11700 25
11700 25
11701 25
11701 25
11703 25
11705 25
11707 25
11710 25
11712 25
11712 25
11712 25
11712 25
11713 25
11713 25
11714 25
11714 25
11714 25
11715 25
11715 25
11715 25
11716 25
11716 25
11716 25
11717 25
11717 25
11718 25
11718 25
11718 25
11719 25
11719 25
11719 25
11720 25
11720 25
11720 25
11721 25
11723 25
11725 25
11727 25
11729 25
11731 25
11731 25
11732 25
11732 25
11733 25
11733 25
11733 25
11734 25
11734 25
11734 25
11735 25
11735 25
11735 25
11736 25
11736 25
11737 25
11737 25
11737 25
11738 25
11738 25
11738 25
11739 25
11739 25
11739 25
11740 25
11740 25
11741 25
11743 25
11745 25
11747 25
11749 25
11751 25
11751 25
11752 25
11752 25
11752 25
11753 25
11753 25
11753 25
11754 25
11754 25
11755 25
11755 25
11755 25
11756 25
11756 25
11756 25
11757 25
11757 25
11757 25
11758 25
11758 25
11759 25
11759 25
11759 25
11760 25
11760 25
11760 25
11763 25
11765 25
11767 25
11769 25
11771 25
11771 25
11772 25
11772 25
11772 25
11773 25
11773 25
11773 25
11774 25
11774 25
11774 25
11775 25
11775 25
11775 25
11776 25
11776 25
11777 25
11777 25
11777 25
11778 25
11778 25
11778 25
11779 25
11779 25
11779 25
11780 25
11780 25
11782 25
11785 25
11787 25
11789 25
11791 25
11791 25
11791 25
11792 25
11792 25
11793 25
11793 25
11793 25
11794 25
11794 25
11794 25
11795 25
11795 25
11795 25
11796 25
11796 25
11797 25
11797 25
11797 25
11798 25
11798 25
11798 25
11799 25
11799 25
11799 25
11800 25
11800 25
11802 25
11804 25
11807 25
11809 25
11811 25
11811 25
11811 25
11812 25
11812 25
11812 25
11813 25
11813 25
11814 25
11814 25
11814 25
11815 25
11815 25
11815 25
11816 25
11816 25
11816 25
11817 25
11817 25
11818 25
11818 25
11818 25
11819 25
11819 25
11819 25
11820 25
11820 25
11822 25
11824 25
11827 25
11829 25
11831 25
11831 25
11831 25
11832 25
11832 25
11832 25
11833 25
11833 25
11834 25
11834 25
11834 25
11835 25
11835 25
11835 25
11836 25
11836 25
11836 25
11837 25
11837 25
11838 25
11838 25
11838 25
11839 25
11839 25
11839 25
11840 25
11840 25
11842 25
11844 25
11847 25
11849 25
11851 25
11851 25
11851 25
11852 25
11852 25
11853 25
11853 25
11853 25
11854 25
11854 25
11854 25
11855 25
11855 25
11855 25
11856 25
11856 25
11857 25
11857 25
11857 25
11858 25
11858 25
11858 25
11859 25
11859 25
11859 25
11860 25
11860 25
11862 25
11865 25
11867 25
11869 25
11871 25
11871 25
11872 25
11872 25
11872 25
11873 25
11873 25
11873 25
11874 25
11874 25
11874 25
11875 25
11875 25
11876 25
11876 25
11876 25
11877 25
11877 25
11877 25
11878 25
11878 25
11878 25
11879 25
11879 25
11880 25
11880 25
11880 25
11882 25
11885 25
11887 25
11889 25
11891 25
11891 25
11892 25
11892 25
11892 25
11893 25
11893 25
11894 25
11894 25
11894 25
11895 25
11895 25
11895 25
11896 25
11896 25
11896 25
11897 25
11897 25
11897 25
11898 25
11898 25
11899 25
11899 25
11899 25
11900 25
11900 25
11900 25
11903 25
11905 25
11907 25
11909 25
11912 25
11912 25
11912 25
11912 25
11913 25
11913 25
11913 25
11914 25
11914 25
11914 25
11915 25
11915 25
11916 25
11916 25
11916 25
11917 25
11917 25
11917 25
11918 25
11918 25
11918 25
11919 25
11919 25
11920 25
11920 25
11920 25
11921 25
11923 25
11925 25
11927 25
11930 25
11932 25
11932 25
11932 25
11933 25
11933 25
11933 25
11934 25
11934 25
11934 25
11935 25
11935 25
11935 25
11936 25
11936 25
11937 25
11937 25
11937 25
11938 25
11938 25
11938 25
11939 25
11939 25
11939 25
11940 25
11940 25
11941 25
11941 25
11943 25
11945 25
11948 25
11950 25
11952 25
11952 25
11952 25
11953 25
11953 25
11954 25
11954 25
11954 25
11955 25
11955 25
11955 25
11956 25
11956 25
11956 25
11957 25
11957 25
11958 25
11958 25
11958 25
11959 25
11959 25
11959 25
11960 25
11960 25
11960 25
11961 25
11961 25
11963 25
11966 25
11968 25
11970 25
11972 25
11972 25
11973 25
11973 25
11974 25
11974 25
11974 25
11975 25
11975 25
11975 25
11976 25
11976 25
11976 25
11977 25
11977 25
11978 25
11978 25
11978 25
11979 25
11979 25
11979 25
11980 25
11980 25
11980 25
11981 25
11981 25
11982 25
11984 25
11986 25
11988 25
11991 25
11993 25
11993 25
11993 25
11994 25
11994 25
11994 25
11995 25
11995 25
11995 25
11996 25
11996 25
11997 25
11997 25
11997 25
11998 25
11998 25
11998 25
11999 25
11999 25
11999 25
12000 25
12000 25
12001 25
12001 25
12001 25
12002 25
12002 25
12004 25
12007 25
12009 25
12011 25
12013 25
12013 25
12014 25
12014 25
12014 25
12015 25
12015 25
12016 25
12016 25
12016 25
12017 25
12017 25
12017 25
12018 25
12018 25
12018 25
12019 25
12019 25
12020 25
12020 25
12020 25
12021 25
12021 25
12021 25
12022 25
12022 25
12022 25
12025 25
12027 25
12029 25
12032 25
12034 25
12034 25
12034 25
12035 25
12035 25
12035 25
12036 25
12036 25
12036 25
12037 25
12037 25
12038 25
12038 25
12038 25
12039 25
12039 25
12039 25
12040 25
12040 25
12040 25
12041 25
12041 25
12041 25
12042 25
12042 25
12043 25
12043 25
12045 25
12048 25
12050 25
12052 25
12054 25
12054 25
12055 25
12055 25
12056 25
12056 25
12056 25
12057 25
12057 25
12057 25
12058 25
12058 25
12058 25
12059 25
12059 25
12060 25
12060 25
12060 25
12061 25
12061 25
12061 25
12062 25
12062 25
12062 25
12063 25
12063 25
12064 25
12066 25
12068 25
12070 25
12073 25
12075 25
12075 25
12075 25
12076 25
12076 25
12077 25
12077 25
12077 25
12078 25
12078 25
12078 25
12079 25
12079 25
12079 25
12080 25
12080 25
12081 25
12081 25
12081 25
12082 25
12082 25
12082 25
12083 25
12083 25
12083 25
12084 25
12084 25
12086 25
12089 25
12091 25
12093 25
12096 25
12096 25
12096 25
12096 25
12097 25
12097 25
12098 25
12098 25
12098 25
12099 25
12099 25
12099 25
12100 25
12100 25
12100 25
12101 25
12101 25
12102 25
12102 25
12102 25
12103 25
12103 25
12103 25
12104 25
12104 25
12104 25
12105 25
12107 25
12109 25
12112 25
12114 25
12116 25
12116 25
12117 25
12117 25
12118 25
12118 25
12118 25
12119 25
12119 25
12119 25
12120 25
12120 25
12120 25
12121 25
12121 25
12122 25
12122 25
12122 25
12123 25
12123 25
12123 25
12124 25
12124 25
12124 25
12125 25
12125 25
12126 25
12128 25
12130 25
12133 25
12135 25
12137 25
12137 25
12138 25
12138 25
12138 25
12139 25
12139 25
12139 25
12140 25
12140 25
12141 25
12141 25
12141 25
12142 25
12142 25
12142 25
12143 25
12143 25
12143 25
12144 25
12144 25
12145 25
12145 25
12145 25
12146 25
12146 25
12146 25
12149 25
12151 25
12153 25
12156 25
12158 25
12158 25
12158 25
12159 25
12159 25
12160 25
12160 25
12160 25
12161 25
12161 25
12161 25
12162 25
12162 25
12162 25
12163 25
12163 25
12164 25
12164 25
12164 25
12165 25
12165 25
12165 25
12166 25
12166 25
12166 25
12167 25
12167 25
12169 25
12172 25
12174 25
12177 25
12179 25
12179 25
12179 25
12180 25
12180 25
12180 25
12181 25
12181 25
12181 25
12182 25
12182 25
12183 25
12183 25
12183 25
12184 25
12184 25
12184 25
12185 25
12185 25
12185 25
12186 25
12186 25
12187 25
12187 25
12187 25
12188 25
12188 25
12190 25
12193 25
12195 25
12197 25
12200 25
12200 25
12200 25
12201 25
12201 25
12201 25
12202 25
12202 25
12202 25
12203 25
12203 25
12203 25
12204 25
12204 25
12205 25
12205 25
12205 25
12206 25
12206 25
12206 25
12207 25
12207 25
12207 25
12208 25
12208 25
12209 25
12209 25
12211 25
12214 25
12216 25
12218 25
12221 25
12221 25
12221 25
12222 25
12222 25
12222 25
12223 25
12223 25
12223 25
12224 25
12224 25
12224 25
12225 25
12225 25
12226 25
12226 25
12226 25
12227 25
12227 25
12227 25
12228 25
12228 25
12228 25
12229 25
12229 25
12230 25
12230 25
12232 25
12235 25
12237 25
12240 25
12242 25
12242 25
12242 25
12243 25
12243 25
12243 25
12244 25
12244 25
12244 25
12245 25
12245 25
12246 25
12246 25
12246 25
12247 25
12247 25
12247 25
12248 25
12248 25
12248 25
12249 25
12249 25
12250 25
12250 25
12250 25
12251 25
12251 25
12253 25
12256 25
12258 25
12261 25
12263 25
12263 25
12263 25
12264 25
12264 25
12264 25
12265 25
12265 25
12266 25
12266 25
12266 25
12267 25
12267 25
12267 25
12268 25
12268 25
12268 25
12269 25
12269 25
12270 25
12270 25
12270 25
12271 25
12271 25
12271 25
12272 25
12272 25
12274 25
12277 25
12279 25
12282 25
12284 25
12284 25
12285 25
12285 25
12285 25
12286 25
12286 25
12286 25
12287 25
12287 25
12287 25
12288 25
12288 25
12289 25
12289 25
12289 25
12290 25
12290 25
12290 25
12291 25
12291 25
12291 25
12292 25
12292 25
12293 25
12293 25
12293 25
12296 25
12298 25
12300 25
12303 25
12305 25
12305 25
12306 25
12306 25
12306 25
12307 25
12307 25
12308 25
12308 25
12308 25
12309 25
12309 25
12309 25
12310 25
12310 25
12310 25
12311 25
12311 25
12312 25
12312 25
12312 25
12313 25
12313 25
12313 25
12314 25
12314 25
12314 25
12317 25
12319 25
12322 25
12324 25
12327 25
12327 25
12327 25
12327 25
12328 25
12328 25
12328 25
12329 25
12329 25
12329 25
12330 25
12330 25
12331 25
12331 25
12331 25
12332 25
12332 25
12332 25
12333 25
12333 25
12333 25
12334 25
12334 25
12335 25
12335 25
12335 25
12336 25
12338 25
12341 25
12343 25
12345 25
12348 25
12348 25
12348 25
12349 25
12349 25
12349 25
12350 25
12350 25
12350 25
12351 25
12351 25
12352 25
12352 25
12352 25
12353 25
12353 25
12353 25
12354 25
12354 25
12354 25
12355 25
12355 25
12355 25
12356 25
12356 25
12357 25
12357 25
12359 25
12362 25
12364 25
12367 25
12369 25
12369 25
12370 25
12370 25
12370 25
12371 25
12371 25
12371 25
12372 25
12372 25
12373 25
12373 25
12373 25
12374 25
12374 25
12374 25
12375 25
12375 25
12375 25
12376 25
12376 25
12377 25
12377 25
12377 25
12378 25
12378 25
12378 25
12381 25
12383 25
12386 25
12388 25
12391 25
12391 25
12391 25
12391 25
12392 25
12392 25
12392 25
12393 25
12393 25
12394 25
12394 25
12394 25
12395 25
12395 25
12395 25
12396 25
12396 25
12396 25
12397 25
12397 25
12398 25
12398 25
12398 25
12399 25
12399 25
12399 25
12400 25
12402 25
12405 25
12407 25
12410 25
12412 25
12412 25
12413 25
12413 25
12413 25
12414 25
12414 25
12414 25
12415 25
12415 25
12415 25
12416 25
12416 25
12417 25
12417 25
12417 25
12418 25
12418 25
12418 25
12419 25
12419 25
12419 25
12420 25
12420 25
12421 25
12421 25
12421 25
12424 25
12426 25
12429 25
12431 25
12434 25
12434 25
12434 25
12434 25
12435 25
12435 25
12436 25
12436 25
12436 25
12437 25
12437 25
12437 25
12438 25
12438 25
12438 25
12439 25
12439 25
12439 25
12440 25
12440 25
12441 25
12441 25
12441 25
12442 25
12442 25
12442 25
12443 25
12445 25
12448 25
12450 25
12453 25
12455 25
12455 25
12456 25
12456 25
12456 25
12457 25
12457 25
12457 25
12458 25
12458 25
12459 25
12459 25
12459 25
12460 25
12460 25
12460 25
12461 25
12461 25
12461 25
12462 25
12462 25
12462 25
12463 25
12463 25
12464 25
12464 25
12464 25
12467 25
12469 25
12472 25
12474 25
12477 25
12477 25
12477 25
12478 25
12478 25
12478 25
12479 25
12479 25
12479 25
12480 25
12480 25
12480 25
12481 25
12481 25
12482 25
12482 25
12482 25
12483 25
12483 25
12483 25
12484 25
12484 25
12484 25
12485 25
12485 25
12486 25
12486 25
12488 25
12491 25
12493 25
12496 25
12499 25
12499 25
12499 25
12499 25
12500 25
12500 25
12500 25
12501 25
12501 25
12501 25
12502 25
12502 25
12503 25
12503 25
12503 25
12504 25
12504 25
12504 25
12505 25
12505 25
12505 25
12506 25
12506 25
12507 25
12507 25
12507 25
12508 25
12510 25
12513 25
12515 25
12518 25
12520 25
12520 25
12521 25
12521 25
12521 25
12522 25
12522 25
12522 25
12523 25
12523 25
12524 25
12524 25
12524 25
12525 25
12525 25
12525 25
12526 25
12526 25
12526 25
12527 25
12527 25
12528 25
12528 25
12528 25
12529 25
12529 25
12529 25
12532 25
12534 25
12537 25
12540 25
12542 25
12542 25
12542 25
12543 25
12543 25
12544 25
12544 25
12544 25
12545 25
12545 25
12545 25
12546 25
12546 25
12546 25
12547 25
12547 25
12548 25
12548 25
12548 25
12549 25
12549 25
12549 25
12550 25
12550 25
12550 25
12551 25
12551 25
12554 25
12556 25
12559 25
12561 25
12564 25
12564 25
12564 25
12565 25
12565 25
12565 25
12566 25
12566 25
12566 25
12567 25
12567 25
12568 25
12568 25
12568 25
12569 25
12569 25
12569 25
12570 25
12570 25
12570 25
12571 25
12571 25
12572 25
12572 25
12572 25
12573 25
12573 25
12576 25
12578 25
12581 25
12583 25
12586 25
12586 25
12586 25
12587 25
12587 25
12587 25
12588 25
12588 25
12588 25
12589 25
12589 25
12589 25
12590 25
12590 25
12591 25
12591 25
12591 25
12592 25
12592 25
12592 25
12593 25
12593 25
12593 25
12594 25
12594 25
12595 25
12595 25
12597 25
12600 25
12603 25
12605 25
12608 25
12608 25
12608 25
12608 25
12609 25
12609 25
12610 25
12610 25
12610 25
12611 25
12611 25
12611 25
12612 25
12612 25
12612 25
12613 25
12613 25
12614 25
12614 25
12614 25
12615 25
12615 25
12615 25
12616 25
12616 25
12616 25
12617 25
12619 25
12622 25
12625 25
12627 25
12630 25
12630 25
12630 25
12630 25
12631 25
12631 25
12632 25
12632 25
12632 25
12633 25
12633 25
12633 25
12634 25
12634 25
12634 25
12635 25
12635 25
12636 25
12636 25
12636 25
12637 25
12637 25
12637 25
12638 25
12638 25
12638 25
12639 25
12641 25
12644 25
12647 25
12649 25
12652 25
12652 25
12652 25
12653 25
12653 25
12653 25
12654 25
12654 25
12654 25
12655 25
12655 25
12655 25
12656 25
12656 25
12657 25
12657 25
12657 25
12658 25
12658 25
12658 25
12659 25
12659 25
12659 25
12660 25
12660 25
12661 25
12661 25
12663 25
12666 25
12669 25
12671 25
12674 25
12674 25
12674 25
12675 25
12675 25
12675 25
12676 25
12676 25
12676 25
12677 25
12677 25
12678 25
12678 25
12678 25
12679 25
12679 25
12679 25
12680 25
12680 25
12680 25
12681 25
12681 25
12682 25
12682 25
12682 25
12683 25
12683 25
12686 25
12688 25
12691 25
12693 25
12696 25
12696 1.4e+03
12696 702
12697 658
12697 639
12698 628
12698 621
12698 615
12699 611
12699 607
12699 604
12700 601
12700 599
12700 597
12701 596
12701 594
12702 593
12702 592
12702 591
12703 590
12703 589
12703 589
12704 588
12704 587
12704 587
12705 586
12705 586
12708 586
12710 583
12713 580
12716 577
12718 573
12718 1.4e+03
12719 704
12719 659
12719 640
12720 629
12720 622
12721 616
12721 611
12721 608
12722 605
12722 602
12722 600
12723 598
12723 596
12723 595
12724 594
12724 592
12725 591
12725 591
12725 590
12726 589
12726 588
12726 588
12727 587
12727 586
12727 586
12730 586
12733 583
12735 580
12738 577
12741 574
12741 1.32e+03
12741 704
12741 659
12742 640
12742 629
12742 622
12743 616
12743 612
12744 608
12744 605
12744 602
12745 600
12745 598
12745 597
12746 595
12746 594
12746 593
12747 592
12747 591
12748 590
12748 589
12748 589
12749 588
12749 587
12749 587
12750 586
12752 586
12755 584
12758 581
12760 577
12763 574
12763 1.24e+03
12763 703
12764 659
12764 640
12764 629
12765 622
12765 616
12766 612
12766 608
12766 605
12767 602
12767 600
12767 598
12768 597
12768 595
12768 594
12769 593
12769 592
12770 591
12770 590
12770 589
12771 589
12771 588
12771 587
12772 587
12772 586
12775 586
12777 583
12780 580
12783 577
12785 573
12785 1.17e+03
12786 702
12786 658
12786 640
12787 629
12787 621
12788 615
12788 611
12788 607
12789 604
12789 602
12789 599
12790 598
12790 596
12790 594
12791 593
12791 592
12792 591
12792 590
12792 589
12793 589
12793 588
12793 587
12794 586
12794 586
12794 585
12797 585
12800 583
12802 579
12805 576
12808 572
12808 1.1e+03
12808 701
12809 657
12809 639
12809 628
12810 620
12810 615
12810 610
12811 607
12811 604
12811 601
12812 599
12812 597
12813 595
12813 594
12813 593
12814 591
12814 590
12814 590
12815 589
12815 588
12815 587
12816 587
12816 586
12817 585
12817 585
12820 585
12822 582
12825 579
12828 576
12830 572
12830 1.03e+03
12831 700
12831 657
12831 638
12832 628
12832 620
12833 614
12833 610
12833 606
12834 603
12834 601
12834 598
12835 597
12835 595
12835 593
12836 592
12836 591
12836 590
12837 589
12837 588
12838 588
12838 587
12838 586
12839 586
12839 585
12839 584
12842 584
12845 582
12847 579
12850 575
12853 572
12853 961
12853 699
12854 656
12854 638
12854 627
12855 620
12855 614
12855 610
12856 606
12856 603
12857 600
12857 598
12857 596
12858 595
12858 593
12858 592
12859 591
12859 590
12859 589
12860 588
12860 587
12861 587
12861 586
12861 585
12862 585
12862 584
12865 584
12867 582
12870 579
12873 575
12876 572
12876 900
12876 698
12876 656
12877 638
12877 627
12877 620
12878 614
12878 610
12878 606
12879 603
12879 600
12880 598
12880 596
12880 595
12881 593
12881 592
12881 591
12882 590
12882 589
12882 588
12883 587
12883 587
12884 586
12884 585
12884 585
12885 584
12887 584
12890 582
12893 579
12895 575
12898 572
12898 846
12899 697
12899 656
12899 638
12900 627
12900 620
12900 614
12901 610
12901 606
12901 603
12902 601
12902 598
12903 596
12903 595
12903 593
12904 592
12904 591
12904 590
12905 589
12905 588
12905 588
12906 587
12906 586
12907 586
12907 585
12907 584
12910 584
12913 582
12915 579
12918 575
12921 572
12921 802
12921 697
12922 656
12922 638
12922 627
12923 620
12923 614
12923 610
12924 606
12924 603
12925 601
12925 599
12925 597
12926 595
12926 594
12926 592
12927 591
12927 590
12927 589
12928 588
12928 588
12929 587
12929 586
12929 586
12930 585
12930 585
12933 584
12935 582
12938 579
12941 576
12944 572
12944 762
12944 696
12944 656
12945 638
12945 627
12946 620
12946 614
12946 610
12947 606
12947 603
12947 601
12948 599
12948 597
12948 595
12949 594
12949 592
12950 591
12950 590
12950 589
12951 589
12951 588
12951 587
12952 587
12952 586
12952 585
12953 585
12956 584
12958 582
12961 579
12964 576
12967 572
12967 726
12967 695
12967 656
12968 638
12968 628
12968 620
12969 615
12969 610
12969 607
12970 604
12970 601
12971 599
12971 597
12971 595
12972 594
12972 593
12972 591
12973 590
12973 590
12973 589
12974 588
12974 587
12975 587
12975 586
12975 585
12976 585
12978 585
12981 582
12984 579
12987 576
12989 572
12989 694
12990 694
12990 655
12991 638
12991 628
12991 620
12992 615
12992 610
12992 607
12993 604
12993 601
12993 599
12994 597
12994 595
12995 594
12995 593
12995 592
12996 591
12996 590
12996 589
12997 588
12997 587
12997 587
12998 586
12998 585
12998 585
13001 585
13004 582
13007 579
13010 576
13012 572
13012 667
13013 692
13013 655
13013 638
13014 627
13014 620
13015 615
13015 610
13015 607
13016 604
13016 601
13016 599
13017 597
13017 595
13017 594
13018 593
13018 592
13019 591
13019 590
13019 589
13020 588
13020 587
13020 587
13021 586
13021 585
13021 585
13024 584
13027 582
13030 579
13033 576
13035 572
13035 646
13036 691
13036 655
13037 638
13037 627
13037 620
13038 615
13038 610
13038 607
13039 604
13039 601
13039 599
13040 597
13040 595
13040 594
13041 593
13041 591
13042 590
13042 590
13042 589
13043 588
13043 587
13043 587
13044 586
13044 585
13044 585
13047 584
13050 582
13053 579
13056 576
13058 572
13058 628
13059 690
13059 654
13060 637
13060 627
13060 620
13061 614
13061 610
13061 607
13062 604
13062 601
13062 599
13063 597
13063 595
13064 594
13064 593
13064 591
13065 590
13065 589
13065 589
13066 588
13066 587
13066 586
13067 586
13067 585
13068 585
13070 584
13073 582
13076 579
13079 575
13082 572
13082 614
13082 688
13082 654
13083 637
13083 627
13083 620
13084 614
13084 610
13085 606
13085 603
13085 601
13086 599
13086 597
13086 595
13087 594
13087 592
13087 591
13088 590
13088 589
13088 588
13089 588
13089 587
13090 586
13090 586
13090 585
13091 584
13093 584
13096 582
13099 579
13102 575
13105 572
13105 603
13105 687
13106 653
13106 637
13106 627
13107 619
13107 614
13107 610
13108 606
13108 603
13108 601
13109 598
13109 597
13110 595
13110 593
13110 592
13111 591
13111 590
13111 589
13112 588
13112 587
13112 587
13113 586
13113 585
13114 585
13114 584
13117 584
13120 581
13122 578
13125 575
13128 571
13128 595
13128 684
13129 652
13129 636
13129 626
13130 619
13130 613
13131 609
13131 605
13131 602
13132 600
13132 598
13132 596
13133 594
13133 593
13133 591
13134 590
13134 589
13135 588
13135 587
13135 587
13136 586
13136 585
13136 585
13137 584
13137 583
13140 583
13143 580
13146 577
13148 574
13151 570
13151 588
13152 682
13152 651
13152 635
13153 625
13153 618
13153 613
13154 608
13154 605
13155 602
13155 599
13155 597
13156 595
13156 593
13156 592
13157 591
13157 590
13157 589
13158 588
13158 587
13159 586
13159 585
13159 585
13160 584
13160 583
13160 583
13163 582
13166 580
13169 577
13172 573
13175 570
13175 582
13175 680
13175 650
13176 634
13176 624
13176 617
13177 612
13177 608
13178 604
13178 601
13178 599
13179 597
13179 595
13179 593
13180 592
13180 590
13180 589
13181 588
13181 587
13182 586
13182 586
13182 585
13183 584
13183 584
13183 583
13184 582
13187 582
13189 579
13192 576
13195 573
13198 569
13198 579
13198 678
13199 649
13199 634
13200 624
13200 617
13200 612
13201 608
13201 604
13201 601
13202 599
13202 596
13202 595
13203 593
13203 591
13204 590
13204 589
13204 588
13205 587
13205 586
13205 585
13206 585
13206 584
13206 583
13207 583
13207 582
13210 582
13213 579
13216 576
13219 573
13222 569
13222 576
13222 677
13222 649
13223 634
13223 624
13223 617
13224 612
13224 608
13224 604
13225 601
13225 599
13226 596
13226 594
13226 593
13227 591
13227 590
13227 589
13228 588
13228 587
13228 586
13229 585
13229 585
13230 584
13230 583
13230 583
13231 582
13234 582
13236 579
13239 576
13242 573
13245 570
13245 574
13245 675
13246 648
13246 634
13247 624
13247 617
13247 612
13248 608
13248 604
13248 601
13249 599
13249 597
13249 595
13250 593
13250 592
13251 590
13251 589
13251 588
13252 587
13252 586
13252 586
13253 585
13253 584
13253 584
13254 583
13254 582
13257 582
13260 579
13263 576
13266 573
13269 570
13269 573
13269 673
13269 648
13270 633
13270 624
13271 617
13271 612
13271 608
13272 604
13272 601
13272 599
13273 597
13273 595
13273 593
13274 592
13274 590
13275 589
13275 588
13275 587
13276 587
13276 586
13276 585
13277 584
13277 584
13277 583
13278 583
13281 582
13284 580
13287 577
13289 573
13292 570
13292 572
13293 672
13293 648
13293 633
13294 624
13294 617
13295 612
13295 608
13295 604
13296 602
13296 599
13296 597
13297 595
13297 593
13297 592
13298 591
13298 590
13299 588
13299 588
13299 587
13300 586
13300 585
13300 585
13301 584
13301 583
13301 583
13304 582
13307 580
13310 577
13313 574
13316 570
13316 572
13316 670
13317 647
13317 633
13318 624
13318 617
13318 612
13319 608
13319 605
13319 602
13320 599
13320 597
13320 595
13321 594
13321 592
13322 591
13322 590
13322 589
13323 588
13323 587
13323 586
13324 585
13324 585
13324 584
13325 584
13325 583
13328 582
13331 580
13334 577
13337 574
13340 570
13340 571
13340 669
13341 647
13341 633
13341 624
13342 617
13342 612
13342 608
13343 605
13343 602
13343 599
13344 597
13344 595
13345 594
13345 592
13345 591
13346 590
13346 589
13346 588
13347 587
13347 586
13347 586
13348 585
13348 584
13349 584
13349 583
13352 582
13355 580
13358 577
13361 574
13364 570
13364 571
13364 667
13364 646
13365 633
13365 624
13365 617
13366 612
13366 608
13367 605
13367 602
13367 599
13368 597
13368 595
13368 594
13369 592
13369 591
13369 590
13370 589
13370 588
13371 587
13371 586
13371 586
13372 585
13372 584
13372 584
13373 583
13376 582
13379 580
13382 577
13385 574
13388 570
13388 571
13388 665
13388 646
13389 632
13389 624
13389 617
13390 612
13390 608
13390 605
13391 602
13391 599
13392 597
13392 595
13392 594
13393 592
13393 591
13393 590
13394 589
13394 588
13394 587
13395 586
13395 586
13396 585
13396 584
13396 584
13397 583
13400 582
13403 580
13406 577
13409 574
13412 570
13412 570
13412 663
13412 645
13413 632
13413 623
13413 617
13414 612
13414 608
13414 605
13415 602
13415 599
13416 597
13416 595
13416 594
13417 592
13417 591
13417 590
13418 589
13418 588
13418 587
13419 586
13419 585
13420 585
13420 584
13420 583
13421 583
13424 582
13427 580
13430 577
13433 573
13436 570
13436 570
13436 661
13436 644
13437 632
13437 623
13437 617
13438 612
13438 608
13438 604
13439 602
13439 599
13440 597
13440 595
13440 593
13441 592
13441 591
13441 590
13442 589
13442 588
13442 587
13443 586
13443 585
13444 585
13444 584
13444 583
13445 583
13448 582
13451 579
13454 576
13457 573
13460 570
13460 570
13460 659
13460 643
13461 631
13461 623
13461 616
13462 612
13462 608
13462 604
13463 601
13463 599
13464 597
13464 595
13464 593
13465 592
13465 591
13465 589
13466 588
13466 587
13466 587
13467 586
13467 585
13468 584
13468 584
13468 583
13469 583
13472 582
13475 579
13478 576
13481 573
13484 570
13484 570
13484 657
13484 642
13485 631
13485 622
13485 616
13486 611
13486 607
13487 604
13487 601
13487 599
13488 597
13488 595
13488 593
13489 592
13489 590
13489 589
13490 588
13490 587
13491 586
13491 586
13491 585
13492 584
13492 584
13492 583
13493 582
13496 581
13499 579
13502 576
13505 572
13508 569
13508 569
13508 654
13509 641
13509 630
13509 621
13510 615
13510 610
13510 606
13511 603
13511 600
13511 598
13512 596
13512 594
13513 592
13513 591
13513 589
13514 588
13514 587
13514 586
13515 586
13515 585
13515 584
13516 583
13516 583
13517 582
13517 581
13520 580
13523 578
13526 575
13529 571
13532 568
13532 568
13532 652
13533 640
13533 628
13534 620
13534 614
13534 610
13535 606
13535 602
13535 600
13536 597
13536 595
13536 593
13537 591
13537 590
13538 589
13538 588
13538 587
13539 586
13539 585
13539 584
13540 583
13540 583
13540 582
13541 581
13541 581
13544 580
13547 577
13550 574
13553 571
13556 567
13556 567
13557 649
13557 638
13557 628
13558 620
13558 614
13559 609
13559 605
13559 602
13560 599
13560 597
13560 594
13561 593
13561 591
13561 590
13562 588
13562 587
13563 586
13563 585
13563 584
13564 584
13564 583
13564 582
13565 582
13565 581
13565 580
13569 579
13572 577
13575 574
13578 571
13581 567
13581 567
13581 647
13581 637
13582 627
13582 619
13583 613
13583 609
13583 605
13584 602
13584 599
13584 596
13585 594
13585 592
13585 591
13586 589
13586 588
13587 587
13587 586
13587 585
13588 584
13588 583
13588 583
13589 582
13589 581
13589 581
13590 580
13593 579
13596 577
13599 574
13602 571
13605 567
13605 567
13606 645
13606 637
13606 627
13607 619
13607 613
13607 609
13608 605
13608 601
13608 599
13609 596
13609 594
13610 592
13610 591
13610 589
13611 588
13611 587
13611 586
13612 585
13612 584
13612 583
13613 583
13613 582
13614 581
13614 581
13614 580
13617 579
13620 577
13623 574
13627 571
13630 567
13630 567
13630 644
13630 636
13631 626
13631 619
13631 613
13632 608
13632 605
13633 601
13633 599
13633 596
13634 594
13634 592
13634 591
13635 589
13635 588
13635 587
13636 586
13636 585
13637 584
13637 583
13637 583
13638 582
13638 581
13638 581
13639 580
13642 579
13645 577
13648 574
13651 571
13654 567
13654 567
13655 642
13655 635
13655 626
13656 619
13656 613
13656 609
13657 605
13657 602
13657 599
13658 596
13658 594
13659 593
13659 591
13659 590
13660 588
13660 587
13660 586
13661 585
13661 584
13661 584
13662 583
13662 582
13663 582
13663 581
13663 581
13666 579
13669 577
13673 574
13676 571
13679 568
13679 567
13679 640
13679 635
13680 626
13680 619
13681 613
13681 609
13681 605
13682 602
13682 599
13682 597
13683 595
13683 593
13683 591
13684 590
13684 588
13685 587
13685 586
13685 585
13686 585
13686 584
13686 583
13687 582
13687 582
13687 581
13688 581
13691 579
13694 577
13697 574
13700 571
13703 568
13703 568
13704 639
13704 634
13704 625
13705 618
13705 613
13706 609
13706 605
13706 602
13707 599
13707 597
13707 595
13708 593
13708 591
13708 590
13709 589
13709 587
13710 586
13710 585
13710 585
13711 584
13711 583
13711 583
13712 582
13712 581
13712 581
13716 579
13719 577
13722 574
13725 571
13728 568
13728 568
13728 637
13729 633
13729 625
13730 618
13730 613
13730 608
13731 605
13731 602
13731 599
13732 597
13732 595
13732 593
13733 591
13733 590
13734 589
13734 587
13734 586
13735 586
13735 585
13735 584
13736 583
13736 583
13736 582
13737 581
13737 581
13740 579
13743 577
13747 574
13750 571
13753 568
13753 568
13753 635
13754 632
13754 625
13754 618
13755 613
13755 608
13755 605
13756 602
13756 599
13757 597
13757 595
13757 593
13758 591
13758 590
13758 589
13759 587
13759 586
13759 585
13760 585
13760 584
13761 583
13761 583
13761 582
13762 581
13762 581
13765 579
13768 577
13771 574
13775 571
13778 568
13778 568
13778 633
13778 632
13779 624
13779 618
13780 612
13780 608
13780 605
13781 602
13781 599
13781 597
13782 595
13782 593
13782 591
13783 590
13783 589
13784 587
13784 586
13784 585
13785 585
13785 584
13785 583
13786 582
13786 582
13786 581
13787 581
13790 579
13793 577
13796 574
13799 571
13803 567
13803 567
13803 631
13803 631
13804 624
13804 617
13804 612
13805 608
13805 604
13806 601
13806 599
13806 596
13807 594
13807 593
13807 591
13808 590
13808 588
13808 587
13809 586
13809 585
13810 584
13810 584
13810 583
13811 582
13811 582
13811 581
13812 581
13815 579
13818 577
13821 574
13824 571
13828 567
13828 567
13828 630
13828 630
13829 623
13829 617
13829 612
13830 608
13830 604
13831 601
13831 599
13831 596
13832 594
13832 592
13832 591
13833 589
13833 588
13833 587
13834 586
13834 585
13835 584
13835 583
13835 583
13836 582
13836 581
13836 581
13837 580
13840 579
13843 577
13846 574
13849 570
13853 567
13853 567
13853 628
13853 629
13854 622
13854 616
13854 611
13855 607
13855 604
13856 601
13856 598
13856 596
13857 594
13857 592
13857 591
13858 589
13858 588
13858 587
13859 586
13859 585
13860 584
13860 583
13860 583
13861 582
13861 581
13861 581
13862 580
13865 579
13868 576
13871 573
13875 570
13878 566
13878 566
13878 625
13878 627
13879 621
13879 615
13880 611
13880 606
13880 603
13881 600
13881 597
13881 595
13882 593
13882 591
13882 590
13883 588
13883 587
13884 586
13884 585
13884 584
13885 583
13885 583
13885 582
13886 581
13886 580
13886 580
13887 579
13890 578
13893 575
13896 572
13900 569
13903 566
13903 566
13903 624
13904 626
13904 620
13904 615
13905 610
13905 606
13905 603
13906 600
13906 597
13906 595
13907 593
13907 591
13908 589
13908 588
13908 587
13909 586
13909 585
13909 584
13910 583
13910 582
13910 581
13911 581
13911 580
13912 579
13912 579
13915 577
13918 574
13922 571
13925 568
13928 565
13928 565
13928 621
13929 624
13929 619
13930 614
13930 609
13930 605
13931 602
13931 599
13931 596
13932 594
13932 592
13932 590
13933 589
13933 587
13934 586
13934 585
13934 584
13935 583
13935 582
13935 581
13936 580
13936 580
13936 579
13937 578
13937 578
13940 576
13944 574
13947 571
13950 568
13953 564
13953 564
13954 619
13954 623
13954 618
13955 613
13955 608
13956 604
13956 601
13956 598
13957 596
13957 593
13957 591
13958 590
13958 588
13958 587
13959 585
13959 584
13960 583
13960 582
13960 581
13961 581
13961 580
13961 579
13962 579
13962 578
13962 577
13966 576
13969 573
13972 571
13975 567
13979 564
13979 564
13979 617
13979 622
13980 617
13980 612
13980 608
13981 604
13981 601
13982 598
13982 595
13982 593
13983 591
13983 589
13983 588
13984 586
13984 585
13984 584
13985 583
13985 582
13986 581
13986 580
13986 580
13987 579
13987 578
13987 578
13988 577
13991 576
13994 573
13998 571
14001 567
14004 564
14004 564
14004 616
14005 621
14005 617
14006 612
14006 607
14006 604
14007 600
14007 598
14007 595
14008 593
14008 591
14008 589
14009 588
14009 586
14010 585
14010 584
14010 583
14011 582
14011 581
14011 580
14012 580
14012 579
14012 578
14013 578
14013 577
14016 576
14020 573
14023 571
14026 567
14029 564
14030 564
14030 614
14030 620
14031 616
14031 612
14031 607
14032 604
14032 600
14032 598
14033 595
14033 593
14033 591
14034 589
14034 588
14035 586
14035 585
14035 584
14036 583
14036 582
14036 581
14037 581
14037 580
14037 579
14038 579
14038 578
14039 578
14042 576
14045 574
14048 571
14052 568
14055 564
14055 564
14055 613
14056 620
14056 616
14056 611
14057 607
14057 604
14058 600
14058 598
14058 595
14059 593
14059 591
14059 589
14060 588
14060 587
14060 585
14061 584
14061 583
14062 582
14062 582
14062 581
14063 580
14063 579
14063 579
14064 578
14064 578
14067 576
14071 574
14074 571
14077 568
14081 564
14081 564
14081 612
14081 619
14082 616
14082 611
14082 607
14083 604
14083 600
14083 598
14084 595
14084 593
14085 591
14085 590
14085 588
14086 587
14086 586
14086 584
14087 583
14087 582
14087 582
14088 581
14088 580
14089 580
14089 579
14089 578
14090 578
14093 576
14096 574
14100 571
14103 568
14106 565
14106 565
14107 610
14107 618
14107 615
14108 611
14108 607
14108 603
14109 600
14109 598
14110 595
14110 593
14110 591
14111 590
14111 588
14111 587
14112 586
14112 584
14112 583
14113 583
14113 582
14113 581
14114 580
14114 580
14115 579
14115 578
14115 578
14119 576
14122 574
14125 571
14129 568
14132 565
14132 565
14132 609
14133 617
14133 615
14133 611
14134 607
14134 603
14134 600
14135 598
14135 595
14136 593
14136 591
14136 590
14137 588
14137 587
14137 586
14138 584
14138 584
14138 583
14139 582
14139 581
14140 580
14140 580
14140 579
14141 578
14141 578
14144 576
14148 574
14151 571
14154 568
14158 565
14158 565
14158 608
14158 616
14159 614
14159 610
14159 606
14160 603
14160 600
14161 598
14161 595
14161 593
14162 591
14162 590
14162 588
14163 587
14163 586
14163 584
14164 583
14164 583
14165 582
14165 581
14165 580
14166 580
14166 579
14166 578
14167 578
14170 576
14173 574
14177 571
14180 568
14183 565
14184 565
14184 606
14184 615
14185 613
14185 610
14185 606
14186 603
14186 600
14186 597
14187 595
14187 593
14187 591
14188 589
14188 588
14189 587
14189 585
14189 584
14190 583
14190 582
14190 582
14191 581
14191 580
14191 579
14192 579
14192 578
14193 578
14196 576
14199 574
14203 571
14206 568
14209 564
14209 564
14210 605
14210 614
14210 613
14211 609
14211 606
14212 603
14212 600
14212 597
14213 595
14213 593
14213 591
14214 589
14214 588
14214 587
14215 585
14215 584
14216 583
14216 582
14216 581
14217 581
14217 580
14217 579
14218 579
14218 578
14218 578
14222 576
14225 574
14229 571
14232 568
14235 564
14235 564
14236 603
14236 613
14236 612
14237 609
14237 605
14237 602
14238 599
14238 597
14239 595
14239 593
14239 591
14240 589
14240 588
14240 586
14241 585
14241 584
14241 583
14242 582
14242 581
14243 581
14243 580
14243 579
14244 579
14244 578
14244 577
14248 576
14251 573
14255 570
14258 567
14261 564
14261 564
14262 602
14262 612
14262 611
14263 608
14263 605
14263 602
14264 599
14264 596
14265 594
14265 592
14265 590
14266 589
14266 587
14266 586
14267 585
14267 584
14267 583
14268 582
14268 581
14269 580
14269 580
14269 579
14270 578
14270 578
14270 577
14274 575
14277 573
14281 570
14284 567
14287 563
14287 563
14288 600
14288 611
14288 610
14289 607
14289 604
14290 601
14290 598
14290 596
14291 593
14291 591
14291 590
14292 588
14292 586
14292 585
14293 584
14293 583
14294 582
14294 581
14294 580
14295 579
14295 579
14295 578
14296 577
14296 577
14296 576
14300 574
14303 572
14307 569
14310 566
14314 562
14314 562
14314 598
14314 609
14315 609
14315 606
14315 603
14316 600
14316 597
14316 595
14317 593
14317 591
14318 589
14318 587
14318 586
14319 584
14319 583
14319 582
14320 581
14320 580
14320 579
14321 579
14321 578
14322 577
14322 577
14322 576
14323 576
14326 574
14329 571
14333 568
14336 565
14340 562
14340 562
14340 596
14340 608
14341 608
14341 605
14342 602
14342 599
14342 596
14343 594
14343 592
14343 590
14344 588
14344 587
14344 585
14345 584
14345 583
14346 582
14346 581
14346 580
14347 579
14347 578
14347 577
14348 577
14348 576
14348 576
14349 575
14352 573
14356 571
14359 568
14363 565
14366 561
14366 561
14366 595
14367 607
14367 607
14367 604
14368 601
14368 599
14369 596
14369 594
14369 592
14370 590
14370 588
14370 586
14371 585
14371 584
14371 582
14372 581
14372 580
14373 579
14373 579
14373 578
14374 577
14374 576
14374 576
14375 575
14375 575
14379 573
14382 571
14385 568
14389 565
14392 561
14392 561
14393 594
14393 606
14393 606
14394 604
14394 601
14395 598
14395 596
14395 593
14396 591
14396 589
14396 588
14397 586
14397 585
14397 583
14398 582
14398 581
14399 580
14399 579
14399 578
14400 578
14400 577
14400 576
14401 576
14401 575
14401 575
14405 573
14408 570
14412 568
14415 565
14419 561
14419 561
14419 593
14419 605
14420 606
14420 603
14421 601
14421 598
14421 596
14422 593
14422 591
14422 589
14423 588
14423 586
14423 585
14424 583
14424 582
14425 581
14425 580
14425 579
14426 578
14426 578
14426 577
14427 576
14427 576
14427 575
14428 575
14431 573
14435 571
14438 568
14442 565
14445 561
14445 561
14446 592
14446 604
14446 605
14447 603
14447 601
14447 598
14448 595
14448 593
14448 591
14449 589
14449 588
14450 586
14450 585
14450 583
14451 582
14451 581
14451 580
14452 579
14452 578
14452 578
14453 577
14453 576
14454 576
14454 575
14454 575
14458 573
14461 571
14465 568
14468 565
14472 561
14472 561
14472 591
14472 603
14473 605
14473 603
14474 600
14474 598
14474 595
14475 593
14475 591
14475 589
14476 587
14476 586
14476 585
14477 583
14477 582
14478 581
14478 580
14478 579
14479 578
14479 578
14479 577
14480 576
14480 576
14480 575
14481 575
14484 573
14488 571
14491 568
14495 565
14498 561
14498 561
14499 590
14499 603
14499 604
14500 602
14500 600
14500 598
14501 595
14501 593
14502 591
14502 589
14502 587
14503 586
14503 585
14503 583
14504 582
14504 581
14504 580
14505 579
14505 578
14506 578
14506 577
14506 576
14507 576
14507 575
14507 575
14511 573
14514 570
14518 568
14521 565
14525 561
14525 561
14525 589
14526 602
14526 604
14526 602
14527 600
14527 597
14528 595
14528 593
14528 591
14529 589
14529 587
14529 586
14530 584
14530 583
14530 582
14531 581
14531 580
14532 579
14532 578
14532 578
14533 577
14533 576
14533 576
14534 575
14534 575
14538 573
14541 570
14545 568
14548 565
14552 561
14552 561
14552 588
14552 601
14553 603
14553 602
14554 599
14554 597
14554 595
14555 593
14555 591
14555 589
14556 587
14556 586
14556 584
14557 583
14557 582
14557 581
14558 580
14558 579
14559 578
14559 578
14559 577
14560 576
14560 576
14560 575
14561 575
14564 572
14568 570
14571 567
14575 564
14578 561
14578 561
14579 587
14579 600
14580 602
14580 601
14580 599
14581 597
14581 594
14581 592
14582 590
14582 589
14582 587
14583 586
14583 584
14584 583
14584 582
14584 581
14585 580
14585 579
14585 578
14586 577
14586 577
14586 576
14587 576
14587 575
14587 574
14591 572
14595 570
14598 567
14602 564
14605 561
14605 561
14606 586
14606 599
14606 602
14607 601
14607 599
14607 596
14608 594
14608 592
14609 590
14609 588
14609 587
14610 585
14610 584
14610 583
14611 582
14611 581
14611 580
14612 579
14612 578
14613 577
14613 577
14613 576
14614 575
14614 575
14614 574
14618 572
14621 570
14625 567
14629 564
14632 561
14632 561
14633 585
14633 598
14633 601
14634 600
14634 598
14634 596
14635 594
14635 592
14635 590
14636 588
14636 587
14636 585
14637 584
14637 583
14638 581
14638 580
14638 579
14639 579
14639 578
14639 577
14640 576
14640 576
14640 575
14641 575
14641 574
14645 572
14648 570
14652 567
14656 564
14659 560
14659 560
14659 584
14660 597
14660 600
14661 599
14661 598
14661 595
14662 593
14662 591
14662 590
14663 588
14663 586
14663 585
14664 583
14664 582
14665 581
14665 580
14665 579
14666 578
14666 577
14666 577
14667 576
14667 575
14667 575
14668 574
14668 574
14672 572
14675 569
14679 567
14683 563
14686 560
14686 560
14687 582
14687 596
14687 599
14688 599
14688 597
14688 595
14689 593
14689 591
14689 589
14690 587
14690 586
14691 584
14691 583
14691 582
14692 581
14692 580
14692 579
14693 578
14693 577
14693 576
14694 576
14694 575
14694 574
14695 574
14695 573
14699 571
14702 569
14706 566
14710 563
14713 559
14713 559
14714 581
14714 595
14714 598
14715 598
14715 596
14715 594
14716 592
14716 590
14717 588
14717 587
14717 585
14718 584
14718 582
14718 581
14719 580
14719 579
14719 578
14720 577
14720 576
14721 576
14721 575
14721 574
14722 574
14722 573
14722 573
14726 570
14730 568
14733 565
14737 562
14740 559
14740 559
14741 579
14741 593
14742 597
14742 596
14742 595
14743 593
14743 591
14743 589
14744 587
14744 586
14744 584
14745 583
14745 581
14746 580
14746 579
14746 578
14747 577
14747 576
14747 575
14748 575
14748 574
14748 573
14749 573
14749 572
14749 572
14753 570
14757 567
14760 564
14764 561
14768 558
14768 558
14768 578
14768 592
14769 596
14769 595
14769 594
14770 592
14770 590
14771 588
14771 587
14771 585
14772 583
14772 582
14772 581
14773 580
14773 579
14773 578
14774 577
14774 576
14775 575
14775 574
14775 574
14776 573
14776 572
14776 572
14777 571
14780 569
14784 567
14788 564
14791 561
14795 558
14795 558
14795 577
14796 591
14796 595
14796 595
14797 593
14797 592
14797 590
14798 588
14798 586
14799 585
14799 583
14799 582
14800 580
14800 579
14800 578
14801 577
14801 576
14801 575
14802 575
14802 574
14803 573
14803 573
14803 572
14804 572
14804 571
14808 569
14811 567
14815 564
14819 561
14822 557
14822 557
14823 576
14823 590
14823 594
14824 594
14824 593
14824 591
14825 589
14825 588
14826 586
14826 584
14826 583
14827 582
14827 580
14827 579
14828 578
14828 577
14828 576
14829 575
14829 574
14830 574
14830 573
14830 573
14831 572
14831 571
14831 571
14835 569
14839 566
14842 564
14846 561
14850 557
14850 557
14850 575
14850 589
14851 593
14851 594
14852 593
14852 591
14852 589
14853 587
14853 586
14853 584
14854 583
14854 581
14854 580
14855 579
14855 578
14855 577
14856 576
14856 575
14857 574
14857 574
14857 573
14858 572
14858 572
14858 571
14859 571
14862 569
14866 566
14870 564
14873 561
14877 557
14877 557
14878 575
14878 589
14878 593
14879 593
14879 592
14879 591
14880 589
14880 587
14880 586
14881 584
14881 583
14882 581
14882 580
14882 579
14883 578
14883 577
14883 576
14884 575
14884 574
14884 574
14885 573
14885 572
14886 572
14886 571
14886 571
14890 569
14894 566
14897 564
14901 561
14905 557
14905 557
14905 574
14905 588
14906 592
14906 593
14907 592
14907 590
14907 589
14908 587
14908 586
14908 584
14909 583
14909 581
14909 580
14910 579
14910 578
14911 577
14911 576
14911 575
14912 574
14912 574
14912 573
14913 572
14913 572
14913 571
14914 571
14918 569
14921 566
14925 564
14929 561
14932 557
14932 557
14933 574
14933 587
14933 592
14934 593
14934 592
14935 590
14935 589
14935 587
14936 585
14936 584
14936 583
14937 581
14937 580
14937 579
14938 578
14938 577
14939 576
14939 575
14939 574
14940 574
14940 573
14940 572
14941 572
14941 571
14941 571
14945 569
14949 566
14953 564
14956 561
14960 557
14960 557
14960 573
14961 587
14961 591
14962 592
14962 591
14962 590
14963 588
14963 587
14963 585
14964 584
14964 582
14964 581
14965 580
14965 579
14966 578
14966 577
14966 576
14967 575
14967 574
14967 574
14968 573
14968 572
14968 572
14969 571
14969 571
14973 568
14977 566
14980 564
14984 561
14988 557
14988 557
14988 572
14989 586
14989 591
14989 592
14990 591
14990 590
14990 588
14991 587
14991 585
14991 584
14992 582
14992 581
14993 580
14993 579
14993 578
14994 577
14994 576
14994 575
14995 574
14995 574
14995 573
14996 572
14996 572
14997 571
14997 571
15001 568
15004 566
15008 563
15012 560
15016 557
15016 557
15016 572
15016 585
15017 590
15017 591
15017 591
15018 589
15018 588
15019 586
15019 585
15019 583
15020 582
15020 581
15020 580
15021 578
15021 577
15021 577
15022 576
15022 575
15023 574
15023 573
15023 573
15024 572
15024 572
15024 571
15025 570
15028 568
15032 566
15036 563
15040 560
15043 557
15043 557
15044 571
15044 584
15045 589
15045 591
15045 590
15046 589
15046 588
15046 586
15047 585
15047 583
15047 582
15048 581
15048 579
15049 578
15049 577
15049 576
15050 575
15050 575
15050 574
15051 573
15051 573
15051 572
15052 571
15052 571
15053 570
15056 568
15060 566
15064 563
15068 560
15071 557
15071 557
15072 570
15072 583
15073 589
15073 590
15073 590
15074 588
15074 587
15074 586
15075 584
15075 583
15075 582
15076 580
15076 579
15077 578
15077 577
15077 576
15078 575
15078 574
15078 574
15079 573
15079 572
15079 572
15080 571
15080 571
15081 570
15084 568
15088 565
15092 563
15096 560
15099 557
15099 556
15100 569
15100 583
15101 588
15101 589
15101 589
15102 588
15102 587
15102 585
15103 584
15103 582
15103 581
15104 580
15104 579
15105 578
15105 577
15105 576
15106 575
15106 574
15106 573
15107 573
15107 572
15107 571
15108 571
15108 570
15109 570
15112 567
15116 565
15120 562
15124 559
15128 556
15128 556
15128 568
15128 581
15129 587
15129 588
15129 588
15130 587
15130 586
15130 584
15131 583
15131 582
15132 580
15132 579
15132 578
15133 577
15133 576
15133 575
15134 574
15134 573
15134 573
15135 572
15135 571
15136 571
15136 570
15136 569
15137 569
15140 567
15144 564
15148 561
15152 558
15156 555
15156 555
15156 567
15156 580
15157 585
15157 587
15158 587
15158 586
15158 585
15159 583
15159 582
15159 581
15160 579
15160 578
15160 577
15161 576
15161 575
15162 574
15162 573
15162 573
15163 572
15163 571
15163 570
15164 570
15164 569
15164 569
15165 568
15169 566
15172 564
15176 561
15180 558
15184 554
15184 554
15184 566
15185 579
15185 584
15185 586
15186 586
15186 585
15186 584
15187 583
15187 581
15188 580
15188 579
15188 578
15189 577
15189 575
15189 575
15190 574
15190 573
15190 572
15191 571
15191 571
15192 570
15192 569
15192 569
15193 568
15193 568
15197 565
15201 563
15205 560
15208 557
15212 554
15212 554
15213 565
15213 578
15213 584
15214 585
15214 585
15214 585
15215 584
15215 582
15215 581
15216 580
15216 578
15217 577
15217 576
15217 575
15218 574
15218 573
15218 572
15219 572
15219 571
15219 570
15220 570
15220 569
15221 568
15221 568
15221 567
15225 565
15229 563
15233 560
15237 557
15241 554
15241 554
15241 565
15241 578
15242 584
15242 585
15242 586
15243 585
15243 584
15243 583
15244 581
15244 580
15245 579
15245 578
15245 576
15246 575
15246 574
15246 574
15247 573
15247 572
15247 571
15248 571
15248 570
15249 569
15249 569
15249 568
15250 568
15253 565
15257 563
15261 561
15265 558
15269 554
15269 554
15269 565
15270 577
15270 583
15270 585
15271 585
15271 585
15271 584
15272 583
15272 581
15273 580
15273 579
15273 578
15274 577
15274 576
15274 575
15275 574
15275 573
15275 572
15276 571
15276 571
15277 570
15277 570
15277 569
15278 568
15278 568
15282 566
15286 563
15290 561
15294 558
15297 555
15297 555
15298 564
15298 577
15299 583
15299 585
15299 585
15300 585
15300 584
15300 582
15301 581
15301 580
15301 579
15302 578
15302 577
15303 576
15303 575
15303 574
15304 573
15304 572
15304 571
15305 571
15305 570
15305 570
15306 569
15306 569
15307 568
15310 566
15314 563
15318 561
15322 558
15326 555
15326 555
15326 564
15327 576
15327 582
15327 585
15328 585
15328 584
15329 583
15329 582
15329 581
15330 580
15330 579
15330 578
15331 577
15331 576
15331 575
15332 574
15332 573
15332 572
15333 572
15333 571
15334 570
15334 570
15334 569
15335 569
15335 568
15339 566
15343 564
15347 561
15351 558
15355 555
15355 555
15355 564
15355 576
15356 582
15356 584
15356 585
15357 584
15357 583
15357 582
15358 581
15358 580
15359 579
15359 578
15359 577
15360 576
15360 575
15360 574
15361 573
15361 572
15361 571
15362 571
15362 570
15363 570
15363 569
15363 569
15364 568
15368 566
15371 563
15375 561
15379 558
15383 555
15383 555
15384 563
15384 575
15384 581
15385 584
15385 584
15385 584
15386 583
15386 582
15387 581
15387 580
15387 579
15388 577
15388 576
15388 575
15389 574
15389 574
15389 573
15390 572
15390 571
15391 571
15391 570
15391 570
15392 569
15392 568
15392 568
15396 566
15400 563
15404 561
15408 558
15412 555
15412 555
15412 563
15413 575
15413 581
15413 583
15414 584
15414 583
15415 583
15415 582
15415 581
15416 579
15416 578
15416 577
15417 576
15417 575
15417 574
15418 573
15418 573
15419 572
15419 571
15419 571
15420 570
15420 569
15420 569
15421 568
15421 568
15425 565
15429 563
15433 561
15437 558
15441 554
15441 554
15441 562
15442 574
15442 580
15442 583
15443 583
15443 583
15443 582
15444 581
15444 580
15444 579
15445 578
15445 577
15446 576
15446 575
15446 574
15447 573
15447 572
15447 572
15448 571
15448 570
15448 570
15449 569
15449 569
15450 568
15450 568
15454 565
15458 563
15462 560
15466 557
15470 554
15470 554
15470 562
15470 573
15471 579
15471 582
15471 583
15472 582
15472 582
15473 581
15473 580
15473 579
15474 578
15474 577
15474 576
15475 575
15475 574
15475 573
15476 572
15476 571
15477 571
15477 570
15477 569
15478 569
15478 568
15478 568
15479 567
15483 565
15487 563
15491 560
15495 557
15499 554
15499 554
15499 561
15499 572
15500 579
15500 581
15500 582
15501 582
15501 581
15502 580
15502 579
15502 578
15503 577
15503 576
15503 575
15504 574
15504 573
15504 572
15505 572
15505 571
15506 570
15506 570
15506 569
15507 568
15507 568
15507 567
15508 567
15512 564
15516 562
15520 560
15524 557
15528 553
15528 553
15528 561
15528 571
15529 578
15529 580
15530 581
15530 581
15530 581
15531 580
15531 579
15531 578
15532 577
15532 576
15532 575
15533 574
15533 573
15534 572
15534 571
15534 571
15535 570
15535 569
15535 569
15536 568
15536 567
15536 567
15537 566
15541 564
15545 562
15549 559
15553 556
15557 553
15557 553
15557 560
15558 571
15558 577
15558 580
15559 581
15559 581
15559 580
15560 579
15560 578
15560 577
15561 576
15561 575
15561 574
15562 573
15562 572
15563 572
15563 571
15563 570
15564 569
15564 569
15564 568
15565 568
15565 567
15565 567
15566 566
15570 563
15574 561
15578 558
15582 555
15586 552
15586 552
15586 559
15587 569
15587 576
15587 579
15588 580
15588 580
15588 579
15589 578
15589 577
15590 576
15590 575
15590 574
15591 573
15591 572
15591 571
15592 571
15592 570
15592 569
15593 568
15593 568
15594 567
15594 567
15594 566
15595 566
15595 565
15599 563
15603 560
15607 558
15611 555
15615 551
15615 551
15616 558
15616 568
15616 574
15617 577
15617 578
15617 578
15618 578
15618 577
15618 576
15619 575
15619 574
15619 573
15620 572
15620 571
15621 571
15621 570
15621 569
15622 568
15622 568
15622 567
15623 566
15623 566
15623 565
15624 565
15624 564
15628 562
15632 560
15636 557
15640 554
15644 551
15644 551
15645 557
15645 567
15646 573
15646 576
15646 577
15647 578
15647 577
15647 576
15648 575
15648 575
15648 574
15649 573
15649 572
15649 571
15650 570
15650 569
15651 568
15651 568
15651 567
15652 566
15652 566
15652 565
15653 565
15653 564
15653 564
15658 561
15662 559
15666 556
15670 553
15674 550
15674 550
15674 556
15675 566
15675 572
15675 576
15676 577
15676 577
15676 576
15677 576
15677 575
15677 574
15678 573
15678 572
15678 571
15679 570
15679 569
15680 569
15680 568
15680 567
15681 567
15681 566
15681 565
15682 565
15682 564
15682 564
15683 563
15687 561
15691 559
15695 556
15699 553
15703 550
15703 550
15704 555
15704 565
15704 572
15705 575
15705 576
15705 576
15706 576
15706 575
15706 574
15707 574
15707 573
15708 572
15708 571
15708 570
15709 569
15709 568
15709 568
15710 567
15710 566
15710 566
15711 565
15711 565
15712 564
15712 564
15712 563
15716 561
15720 558
15725 556
15729 553
15733 550
15733 550
15733 555
15733 565
15734 571
15734 574
15735 576
15735 576
15735 576
15736 575
15736 574
15736 573
15737 572
15737 571
15737 571
15738 570
15738 569
15739 568
15739 567
15739 567
15740 566
15740 565
15740 565
15741 564
15741 564
15741 563
15742 563
15746 560
15750 558
15754 556
15758 553
15762 550
15762 550
15763 555
15763 564
15763 571
15764 574
15764 575
15765 576
15765 575
15765 575
15766 574
15766 573
15766 572
15767 571
15767 570
15767 570
15768 569
15768 568
15769 567
15769 567
15769 566
15770 565
15770 565
15770 564
15771 564
15771 563
15771 563
15776 560
15780 558
15784 556
15788 553
15792 549
15792 549
15792 554
15793 564
15793 570
15793 573
15794 575
15794 575
15795 575
15795 574
15795 574
15796 573
15796 572
15796 571
15797 570
15797 569
15797 569
15798 568
15798 567
15799 566
15799 566
15799 565
15800 565
15800 564
15800 564
15801 563
15801 563
15805 560
15809 558
15813 555
15818 553
15822 549
15822 549
15822 554
15822 563
15823 570
15823 573
15823 574
15824 575
15824 575
15825 574
15825 573
15825 573
15826 572
15826 571
15826 570
15827 569
15827 568
15827 568
15828 567
15828 566
15829 566
15829 565
15829 565
15830 564
15830 563
15830 563
15831 563
15835 560
15839 558
15843 555
15847 552
15851 549
15851 549
15852 554
15852 563
15853 569
15853 573
15853 574
15854 575
15854 574
15854 574
15855 573
15855 572
15855 572
15856 571
15856 570
15856 569
15857 568
15857 568
15858 567
15858 566
15858 566
15859 565
15859 564
15859 564
15860 563
15860 563
15860 562
15865 560
15869 558
15873 555
15877 552
15881 549
15881 549
15882 554
15882 562
15882 569
15883 572
15883 574
15883 574
15884 574
15884 574
15885 573
15885 572
15885 571
15886 571
15886 570
15886 569
15887 568
15887 567
15887 567
15888 566
15888 565
15889 565
15889 564
15889 564
15890 563
15890 563
15890 562
15894 560
15899 558
15903 555
15907 552
15911 549
15911 549
15912 553
15912 562
15912 568
15913 572
15913 573
15913 574
15914 574
15914 573
15914 573
15915 572
15915 571
15916 570
15916 569
15916 569
15917 568
15917 567
15917 566
15918 566
15918 565
15918 565
15919 564
15919 563
15920 563
15920 563
15920 562
15924 559
15929 557
15933 555
15937 552
15941 549
15941 549
15942 553
15942 561
15942 567
15943 571
15943 573
15943 573
15944 573
15944 573
15944 572
15945 571
15945 571
15946 570
15946 569
15946 568
15947 568
15947 567
15947 566
15948 565
15948 565
15948 564
15949 564
15949 563
15950 563
15950 562
15950 562
15954 559
15959 557
15963 555
15967 552
15971 548
15971 548
15972 552
15972 561
15972 567
15973 570
15973 572
15973 573
15974 573
15974 572
15974 572
15975 571
15975 570
15976 570
15976 569
15976 568
15977 567
15977 567
15977 566
15978 565
15978 565
15978 564
15979 563
15979 563
15980 562
15980 562
15980 561
15985 559
15989 557
15993 554
15997 551
16001 548
16001 548
16002 552
16002 560
16002 566
16003 570
16003 571
16004 572
16004 572
16004 572
16005 571
16005 571
16005 570
16006 569
16006 568
16006 568
16007 567
16007 566
16008 565
16008 565
16008 564
16009 564
16009 563
16009 563
16010 562
16010 562
16010 561
16015 559
16019 556
16023 554
16027 551
16032 548
16032 548
16032 551
16032 559
16033 565
16033 569
16033 571
16034 572
16034 572
16034 571
16035 571
16035 570
16036 569
16036 569
16036 568
16037 567
16037 566
16037 566
16038 565
16038 564
16038 564
16039 563
16039 563
16040 562
16040 562
16040 561
16041 561
16045 558
16049 556
16053 553
16058 550
16062 547
16062 547
16062 550
16063 558
16063 564
16063 568
16064 570
16064 571
16064 571
16065 570
16065 570
16065 569
16066 569
16066 568
16067 567
16067 566
16067 566
16068 565
16068 564
16068 564
16069 563
16069 562
16069 562
16070 561
16070 561
16070 560
16071 560
16075 557
16079 555
16084 552
16088 549
16092 546
16092 546
16092 549
16093 557
16093 563
16094 567
16094 569
16094 570
16095 570
16095 569
16095 569
16096 568
16096 568
16096 567
16097 566
16097 565
16098 565
16098 564
16098 563
16099 563
16099 562
16099 562
16100 561
16100 561
16100 560
16101 560
16101 559
16105 556
16110 554
16114 552
16118 549
16123 546
16123 546
16123 549
16123 556
16124 562
16124 566
16124 568
16125 569
16125 569
16125 569
16126 568
16126 568
16127 567
16127 566
16127 566
16128 565
16128 564
16128 563
16129 563
16129 562
16129 562
16130 561
16130 560
16131 560
16131 559
16131 559
16132 559
16136 556
16140 554
16144 551
16149 548
16153 545
16153 545
16153 548
16154 555
16154 561
16154 565
16155 567
16155 568
16156 568
16156 568
16156 568
16157 567
16157 566
16157 566
16158 565
16158 564
16158 564
16159 563
16159 562
16160 562
16160 561
16160 561
16161 560
16161 559
16161 559
16162 559
16162 558
16166 556
16171 553
16175 551
16179 548
16184 545
16184 545
16184 548
16184 555
16185 561
16185 564
16185 567
16186 567
16186 568
16186 568
16187 567
16187 567
16188 566
16188 565
16188 565
16189 564
16189 563
16189 563
16190 562
16190 561
16190 561
16191 560
16191 560
16192 559
16192 559
16192 558
16193 558
16197 555
16201 553
16206 551
16210 548
16214 545
16214 545
16215 547
16215 554
16215 560
16216 564
16216 566
16216 567
16217 567
16217 567
16217 567
16218 566
16218 566
16219 565
16219 564
16219 564
16220 563
16220 562
16220 562
16221 561
16221 561
16221 560
16222 560
16222 559
16223 559
16223 558
16223 558
16228 555
16232 553
16236 551
16241 548
16245 545
16245 545
16245 547
16246 554
16246 560
16246 564
16247 566
16247 567
16247 567
16248 567
16248 567
16249 566
16249 566
16249 565
16250 564
16250 564
16250 563
16251 562
16251 562
16251 561
16252 560
16252 560
16253 559
16253 559
16253 558
16254 558
16254 558
16258 555
16263 553
16267 550
16271 548
16276 545
16276 545
16276 547
16276 554
16277 559
16277 563
16277 565
16278 566
16278 567
16279 567
16279 566
16279 566
16280 565
16280 565
16280 564
16281 563
16281 563
16281 562
16282 561
16282 561
16283 560
16283 560
16283 559
16284 559
16284 558
16284 558
16285 557
16289 555
16293 553
16298 550
16302 548
16306 544
16306 544
16307 547
16307 553
16308 559
16308 563
16308 565
16309 566
16309 566
16309 566
16310 566
16310 566
16310 565
16311 565
16311 564
16312 563
16312 563
16312 562
16313 561
16313 561
16313 560
16314 560
16314 559
16314 559
16315 558
16315 558
16316 557
16320 555
16324 553
16329 550
16333 547
16337 544
16337 544
16338 547
16338 553
16338 559
16339 562
16339 565
16340 566
16340 566
16340 566
16341 566
16341 565
16341 565
16342 564
16342 564
16342 563
16343 562
16343 562
16344 561
16344 561
16344 560
16345 560
16345 559
16345 559
16346 558
16346 558
16346 557
16351 555
16355 553
16360 550
16364 547
16368 544
16368 544
16369 546
16369 552
16369 558
16370 562
16370 564
16371 565
16371 566
16371 566
16372 566
16372 565
16372 565
16373 564
16373 563
16373 563
16374 562
16374 562
16375 561
16375 560
16375 560
16376 559
16376 559
16376 558
16377 558
16377 557
16377 557
16382 554
16386 552
16391 550
16395 547
16399 544
16399 544
16400 546
16400 552
16401 558
16401 561
16401 564
16402 565
16402 565
16402 565
16403 565
16403 565
16403 564
16404 564
16404 563
16405 563
16405 562
16405 561
16406 561
16406 560
16406 560
16407 559
16407 559
16407 558
16408 558
16408 557
16409 557
16413 554
16417 552
16422 550
16426 547
16431 544
16431 544
16431 546
16431 551
16432 557
16432 561
16432 563
16433 564
16433 565
16433 565
16434 565
16434 564
16435 564
16435 563
16435 563
16436 562
16436 562
16436 561
16437 560
16437 560
16437 559
16438 559
16438 558
16439 558
16439 557
16439 557
16440 557
16444 554
16448 552
16453 549
16457 547
16462 543
16462 543
16462 545
16462 551
16463 556
16463 560
16464 563
16464 564
16464 564
16465 565
16465 564
16465 564
16466 564
16466 563
16466 562
16467 562
16467 561
16468 561
16468 560
16468 560
16469 559
16469 558
16469 558
16470 558
16470 557
16470 557
16471 556
16475 554
16480 552
16484 549
16489 546
16493 543
16493 543
16493 545
16494 550
16494 556
16494 560
16495 562
16495 563
16496 564
16496 564
16496 564
16497 564
16497 563
16497 563
16498 562
16498 562
16498 561
16499 560
16499 560
16499 559
16500 559
16500 558
16501 558
16501 557
16501 557
16502 556
16502 556
16506 553
16511 551
16515 549
16520 546
16524 543
16524 543
16525 544
16525 550
16525 555
16526 559
16526 561
16526 562
16527 563
16527 563
16528 563
16528 563
16528 562
16529 562
16529 561
16529 561
16530 560
16530 560
16530 559
16531 558
16531 558
16532 557
16532 557
16532 556
16533 556
16533 556
16533 555
16538 552
16542 550
16547 548
16551 545
16556 542
16556 542
16556 543
16556 549
16557 554
16557 558
16557 560
16558 561
16558 562
16559 562
16559 562
16559 562
16560 562
16560 561
16560 560
16561 560
16561 559
16561 559
16562 558
16562 558
16563 557
16563 557
16563 556
16564 556
16564 555
16564 555
16565 554
16569 552
16574 550
16578 547
16583 544
16587 541
16587 541
16588 543
16588 548
16588 553
16589 557
16589 559
16589 561
16590 561
16590 562
16590 561
16591 561
16591 561
16592 560
16592 560
16592 559
16593 559
16593 558
16593 558
16594 557
16594 556
16594 556
16595 556
16595 555
16596 555
16596 554
16596 554
16601 551
16605 549
16610 547
16614 544
16619 541
16619 541
16619 542
16619 547
16620 552
16620 556
16621 559
16621 560
16621 561
16622 561
16622 561
16622 561
16623 560
16623 560
16623 559
16624 559
16624 558
16625 558
16625 557
16625 557
16626 556
16626 556
16626 555
16627 555
16627 554
16627 554
16628 553
16632 551
16637 549
16641 546
16646 544
16650 540
16650 540
16651 542
16651 547
16651 552
16652 556
16652 558
16653 559
16653 560
16653 561
16654 560
16654 560
16654 560
16655 559
16655 559
16655 558
16656 558
16656 557
16657 557
16657 556
16657 556
16658 555
16658 555
16658 554
16659 554
16659 554
16659 553
16664 551
16668 549
16673 546
16677 543
16682 540
16682 540
16682 542
16683 546
16683 551
16683 555
16684 558
16684 559
16685 560
16685 560
16685 560
16686 560
16686 560
16686 559
16687 559
16687 558
16687 558
16688 557
16688 557
16689 556
16689 556
16689 555
16690 555
16690 554
16690 554
16691 553
16691 553
16696 550
16700 548
16705 546
16709 543
16714 540
16714 540
16714 541
16715 546
16715 551
16715 555
16716 557
16716 559
16716 560
16717 560
16717 560
16717 560
16718 559
16718 559
16719 558
16719 558
16719 557
16720 557
16720 556
16720 556
16721 555
16721 555
16721 554
16722 554
16722 554
16723 553
16723 553
16727 550
16732 548
16737 546
16741 543
16746 540
16746 540
16746 541
16746 546
16747 551
16747 555
16747 557
16748 559
16748 559
16749 560
16749 560
16749 560
16750 559
16750 559
16750 559
16751 558
16751 558
16751 557
16752 557
16752 556
16753 556
16753 555
16753 555
16754 554
16754 554
16754 553
16755 553
16759 550
16764 548
16768 546
16773 543
16778 540
16778 540
16778 541
16778 546
16779 551
16779 554
16779 557
16780 559
16780 559
16780 560
16781 560
16781 560
16782 559
16782 559
16782 559
16783 558
16783 558
16783 557
16784 557
16784 556
16784 556
16785 555
16785 555
16785 554
16786 554
16786 553
16787 553
16791 550
16796 548
16800 546
16805 543
16809 540
16810 540
16810 541
16810 546
16811 550
16811 554
16811 557
16812 558
16812 559
16812 560
16813 560
16813 560
16813 559
16814 559
16814 558
16815 558
16815 557
16815 557
16816 557
16816 556
16816 556
16817 555
16817 555
16817 554
16818 554
16818 553
16819 553
16823 550
16828 548
16832 546
16837 543
16842 540
16842 540
16842 541
16842 545
16843 550
16843 554
16843 556
16844 558
16844 559
16844 559
16845 559
16845 559
16846 559
16846 559
16846 558
16847 558
16847 557
16847 557
16848 556
16848 556
16848 555
16849 555
16849 554
16850 554
16850 554
16850 553
16851 553
16855 550
16860 548
16864 546
16869 543
16874 540
16874 540
16874 541
16874 545
16875 550
16875 553
16876 556
16876 558
16876 559
16877 559
16877 559
16877 559
16878 559
16878 558
16878 558
16879 558
16879 557
16880 557
16880 556
16880 556
16881 555
16881 555
16881 554
16882 554
16882 553
16882 553
16883 553
16887 550
16892 548
16897 546
16901 543
16906 540
16906 540
16906 541
16907 545
16907 549
16907 553
16908 556
16908 557
16908 558
16909 559
16909 559
16910 559
16910 558
16910 558
16911 558
16911 557
16911 557
16912 556
16912 556
16912 555
16913 555
16913 554
16914 554
16914 554
16914 553
16915 553
16915 552
16920 550
16924 548
16929 545
16934 543
16938 540
16938 540
16939 541
16939 544
16939 549
16940 552
16940 555
16940 557
16941 558
16941 558
16941 558
16942 558
16942 558
16943 558
16943 557
16943 557
16944 556
16944 556
16944 555
16945 555
16945 555
16945 554
16946 554
16946 553
16947 553
16947 552
16947 552
16952 549
16957 547
16961 545
16966 542
16971 539
16971 539
16971 540
16971 544
16972 548
16972 552
16972 554
16973 556
16973 557
16973 558
16974 558
16974 558
16975 557
16975 557
16975 557
16976 556
16976 556
16976 555
16977 555
16977 555
16977 554
16978 554
16978 553
16979 553
16979 552
16979 552
16980 552
16984 549
16989 547
16994 545
16998 542
17003 539
17003 539
17003 540
17004 543
17004 548
17004 551
17005 554
17005 555
17006 556
17006 557
17006 557
17007 557
17007 557
17007 557
17008 556
17008 556
17008 555
17009 555
17009 555
17010 554
17010 554
17010 553
17011 553
17011 552
17011 552
17012 552
17012 551
17017 549
17021 546
17026 544
17031 541
17035 538
17035 538
17036 539
17036 542
17037 547
17037 550
17037 553
17038 554
17038 555
17038 556
17039 556
17039 556
17039 556
17040 556
17040 555
17041 555
17041 555
17041 554
17042 554
17042 553
17042 553
17043 552
17043 552
17043 551
17044 551
17044 551
17045 550
17049 548
17054 546
17059 543
17063 540
17068 537
17068 537
17068 538
17069 541
17069 545
17070 549
17070 552
17070 553
17071 554
17071 555
17071 555
17072 555
17072 555
17072 555
17073 554
17073 554
17074 554
17074 553
17074 553
17075 552
17075 552
17075 551
17076 551
17076 551
17076 550
17077 550
17077 549
17082 547
17087 545
17091 542
17096 540
17101 536
17101 536
17101 537
17101 540
17102 544
17102 548
17103 551
17103 552
17103 553
17104 554
17104 554
17104 554
17105 554
17105 554
17105 554
17106 553
17106 553
17107 552
17107 552
17107 552
17108 551
17108 551
17108 550
17109 550
17109 549
17109 549
17110 549
17115 546
17119 544
17124 542
17129 539
17133 536
17134 536
17134 537
17134 540
17135 544
17135 547
17135 550
17136 552
17136 553
17136 553
17137 554
17137 554
17137 554
17138 553
17138 553
17139 553
17139 552
17139 552
17140 551
17140 551
17140 551
17141 550
17141 550
17141 549
17142 549
17142 549
17143 548
17147 546
17152 544
17157 541
17162 539
17166 536
17166 536
17167 536
17167 539
17167 543
17168 547
17168 549
17168 551
17169 552
17169 553
17170 553
17170 553
17170 553
17171 553
17171 553
17171 552
17172 552
17172 551
17172 551
17173 551
17173 550
17174 550
17174 549
17174 549
17175 549
17175 548
17175 548
17180 545
17185 543
17190 541
17194 538
17199 535
17199 535
17200 536
17200 539
17200 543
17201 546
17201 549
17201 551
17202 552
17202 552
17202 553
17203 553
17203 553
17203 552
17204 552
17204 552
17205 551
17205 551
17205 551
17206 550
17206 550
17206 549
17207 549
17207 549
17207 548
17208 548
17208 548
17213 545
17218 543
17223 541
17227 538
17232 535
17232 535
17232 536
17233 538
17233 542
17234 546
17234 548
17234 550
17235 551
17235 552
17235 552
17236 552
17236 552
17236 552
17237 552
17237 552
17238 551
17238 551
17238 550
17239 550
17239 550
17239 549
17240 549
17240 548
17240 548
17241 548
17241 547
17246 545
17251 543
17255 541
17260 538
17265 535
17265 535
17265 535
17266 538
17266 542
17267 545
17267 548
17267 550
17268 551
17268 552
17268 552
17269 552
17269 552
17269 552
17270 552
17270 551
17271 551
17271 551
17271 550
17272 550
17272 549
17272 549
17273 549
17273 548
17273 548
17274 548
17274 547
17279 545
17284 543
17289 540
17293 538
17298 535
17298 535
17299 535
17299 538
17299 542
17300 545
17300 548
17300 549
17301 551
17301 551
17301 552
17302 552
17302 552
17303 552
17303 551
17303 551
17304 551
17304 550
17304 550
17305 550
17305 549
17305 549
17306 548
17306 548
17307 548
17307 547
17307 547
17312 544
17317 543
17322 540
17327 538
17331 535
17331 535
17332 535
17332 538
17332 541
17333 545
17333 547
17334 549
17334 550
17334 551
17335 551
17335 552
17335 551
17336 551
17336 551
17336 551
17337 550
17337 550
17338 550
17338 549
17338 549
17339 549
17339 548
17339 548
17340 547
17340 547
17340 547
17345 544
17350 542
17355 540
17360 537
17365 534
17365 534
17365 535
17365 537
17366 541
17366 544
17366 547
17367 549
17367 550
17367 551
17368 551
17368 551
17369 551
17369 551
17369 551
17370 551
17370 550
17370 550
17371 549
17371 549
17371 549
17372 548
17372 548
17373 548
17373 547
17373 547
17374 547
17379 544
17383 542
17388 540
17393 537
17398 534
17398 534
17398 535
17399 537
17399 540
17399 544
17400 546
17400 548
17400 549
17401 550
17401 551
17402 551
17402 551
17402 551
17403 550
17403 550
17403 550
17404 550
17404 549
17404 549
17405 548
17405 548
17406 548
17406 547
17406 547
17407 547
17407 546
17412 544
17417 542
17422 540
17426 537
17431 534
17431 534
17432 534
17432 537
17432 540
17433 543
17433 546
17433 548
17434 549
17434 550
17435 550
17435 550
17435 550
17436 550
17436 550
17436 550
17437 549
17437 549
17437 549
17438 548
17438 548
17439 548
17439 547
17439 547
17440 547
17440 546
17440 546
17445 543
17450 541
17455 539
17460 537
17465 534
17465 534
17465 534
17465 536
17466 540
17466 543
17467 545
17467 547
17467 548
17468 549
17468 550
17468 550
17469 550
17469 550
17469 550
17470 549
17470 549
17471 549
17471 548
17471 548
17472 548
17472 547
17472 547
17473 547
17473 546
17473 546
17474 546
17479 543
17484 541
17488 539
17493 536
17498 533
17498 533
17499 534
17499 536
17499 539
17500 542
17500 545
17500 547
17501 548
17501 549
17502 549
17502 549
17502 550
17503 549
17503 549
17503 549
17504 549
17504 548
17504 548
17505 548
17505 547
17506 547
17506 547
17506 546
17507 546
17507 546
17507 545
17512 543
17517 541
17522 538
17527 536
17532 533
17532 533
17532 533
17533 535
17533 538
17533 541
17534 544
17534 546
17534 547
17535 548
17535 548
17536 549
17536 549
17536 549
17537 548
17537 548
17537 548
17538 548
17538 547
17538 547
17539 547
17539 546
17540 546
17540 545
17540 545
17541 545
17541 544
17546 542
17551 540
17556 538
17561 535
17566 532
17566 532
17566 532
17566 534
17567 537
17567 540
17567 543
17568 545
17568 546
17569 547
17569 547
17569 548
17570 548
17570 548
17570 548
17571 547
17571 547
17571 547
17572 546
17572 546
17573 546
17573 545
17573 545
17574 545
17574 544
17574 544
17575 544
17580 541
17585 539
17590 537
17594 534
17599 531
17599 531
17600 531
17600 533
17601 536
17601 540
17601 542
17602 544
17602 545
17602 546
17603 547
17603 547
17603 547
17604 547
17604 547
17604 547
17605 546
17605 546
17606 546
17606 545
17606 545
17607 545
17607 544
17607 544
17608 544
17608 543
17608 543
17613 540
17618 539
17623 536
17628 534
17633 531
17633 531
17634 531
17634 533
17634 536
17635 539
17635 541
17635 543
17636 545
17636 546
17637 546
17637 546
17637 546
17638 546
17638 546
17638 546
17639 546
17639 546
17639 545
17640 545
17640 545
17641 544
17641 544
17641 543
17642 543
17642 543
17642 543
17647 540
17652 538
17657 536
17662 533
17667 530
17667 530
17668 531
17668 532
17668 535
17669 538
17669 541
17669 543
17670 544
17670 545
17670 546
17671 546
17671 546
17672 546
17672 546
17672 546
17673 545
17673 545
17673 545
17674 544
17674 544
17674 544
17675 543
17675 543
17676 543
17676 543
17676 542
17681 540
17686 538
17691 536
17696 533
17701 530
17701 530
17702 530
17702 532
17702 535
17703 538
17703 541
17703 542
17704 544
17704 545
17704 545
17705 546
17705 546
17706 546
17706 546
17706 545
17707 545
17707 545
17707 545
17708 544
17708 544
17708 544
17709 543
17709 543
17710 543
17710 542
17710 542
17715 540
17720 538
17725 536
17730 533
17735 530
17735 530
17736 530
17736 532
17736 535
17737 538
17737 540
17737 542
17738 543
17738 544
17739 545
17739 545
17739 545
17740 545
17740 545
17740 545
17741 545
17741 545
17741 544
17742 544
17742 544
17743 543
17743 543
17743 543
17744 542
17744 542
17744 542
17749 539
17754 538
17759 535
17764 533
17769 530
17769 530
17770 530
17770 532
17771 534
17771 537
17771 540
17772 542
17772 543
17772 544
17773 545
17773 545
17773 545
17774 545
17774 545
17774 545
17775 545
17775 544
17776 544
17776 544
17776 544
17777 543
17777 543
17777 543
17778 542
17778 542
17778 542
17784 539
17789 537
17794 535
17799 533
17804 530
17804 530
17804 530
17804 531
17805 534
17805 537
17805 540
17806 541
17806 543
17807 544
17807 544
17807 545
17808 545
17808 545
17808 545
17809 545
17809 544
17809 544
17810 544
17810 544
17811 543
17811 543
17811 543
17812 542
17812 542
17812 542
17813 541
17818 539
17823 537
17828 535
17833 532
17838 530
17838 530
17838 530
17839 531
17839 534
17839 537
17840 539
17840 541
17841 543
17841 543
17841 544
17842 544
17842 545
17842 545
17843 545
17843 544
17843 544
17844 544
17844 544
17845 543
17845 543
17845 543
17846 542
17846 542
17846 542
17847 542
17847 541
17852 539
17857 537
17862 535
17867 532
17872 529
17872 529
17873 529
17873 531
17873 534
17874 536
17874 539
17875 541
17875 542
17875 543
17876 544
17876 544
17876 544
17877 544
17877 544
17877 544
17878 544
17878 544
17879 543
17879 543
17879 543
17880 543
17880 542
17880 542
17881 542
17881 541
17881 541
17887 539
17892 537
17897 535
17902 532
17907 529
17907 529
17907 529
17908 531
17908 533
17908 536
17909 538
17909 540
17909 542
17910 543
17910 543
17910 544
17911 544
17911 544
17912 544
17912 544
17912 544
17913 543
17913 543
17913 543
17914 543
17914 542
17914 542
17915 542
17915 541
17916 541
17916 541
17921 538
17926 537
17931 534
17936 532
17941 529
17941 529
17942 529
17942 530
17943 533
17943 536
17943 538
17944 540
17944 541
17944 542
17945 543
17945 543
17945 544
17946 544
17946 544
17946 543
17947 543
17947 543
17948 543
17948 543
17948 542
17949 542
17949 542
17949 541
17950 541
17950 541
17950 540
17956 538
17961 536
17966 534
17971 531
17976 529
17976 529
17976 529
17977 530
17977 532
17977 535
17978 538
17978 539
17979 541
17979 542
17979 543
17980 543
17980 543
17980 543
17981 543
17981 543
17981 543
17982 543
17982 542
17983 542
17983 542
17983 542
17984 541
17984 541
17984 541
17985 540
17985 540
17990 538
17995 536
18000 534
18006 531
18011 528
18011 528
18011 528
18011 530
18012 532
18012 535
18013 537
18013 539
18013 540
18014 541
18014 542
18014 542
18015 543
18015 543
18015 543
18016 543
18016 543
18016 542
18017 542
18017 542
18018 541
18018 541
18018 541
18019 541
18019 540
18019 540
18020 540
18025 537
18030 536
18035 533
18040 531
18045 528
18045 528
18046 528
18046 529
18047 532
18047 534
18047 537
18048 538
18048 540
18048 541
18049 542
18049 542
18049 542
18050 542
18050 542
18051 542
18051 542
18051 542
18052 542
18052 541
18052 541
18053 541
18053 540
18053 540
18054 540
18054 540
18055 539
18060 537
18065 535
18070 533
18075 530
18080 527
18080 527
18081 527
18081 528
18081 531
18082 533
18082 536
18083 538
18083 539
18083 540
18084 541
18084 541
18084 541
18085 541
18085 541
18085 541
18086 541
18086 541
18086 541
18087 541
18087 540
18088 540
18088 540
18088 539
18089 539
18089 539
18089 539
18095 536
18100 534
18105 532
18110 529
18115 526
18115 526
18116 526
18116 528
18116 530
18117 532
18117 535
18117 537
18118 538
18118 539
18118 540
18119 540
18119 540
18120 541
18120 541
18120 541
18121 540
18121 540
18121 540
18122 540
18122 539
18122 539
18123 539
18123 539
18124 538
18124 538
18124 538
18129 535
18135 534
18140 531
18145 529
18150 526
18150 526
18151 526
18151 527
18151 529
18152 532
18152 534
18152 536
18153 537
18153 538
18153 539
18154 539
18154 540
18155 540
18155 540
18155 540
18156 540
18156 539
18156 539
18157 539
18157 539
18157 538
18158 538
18158 538
18159 538
18159 537
18159 537
18164 535
18170 533
18175 531
18180 528
18185 525
18185 525
18186 525
18186 526
18186 528
18187 531
18187 533
18187 535
18188 537
18188 538
18189 538
18189 539
18189 539
18190 539
18190 539
18190 539
18191 539
18191 539
18191 539
18192 538
18192 538
18193 538
18193 538
18193 537
18194 537
18194 537
18194 537
18200 534
18205 533
18210 530
18215 528
18220 525
18220 525
18221 525
18221 526
18222 528
18222 531
18222 533
18223 535
18223 536
18223 537
18224 538
18224 538
18224 539
18225 539
18225 539
18226 539
18226 539
18226 539
18227 538
18227 538
18227 538
18228 538
18228 537
18228 537
18229 537
18229 537
18230 536
18235 534
18240 532
18245 530
18250 528
18256 525
18256 525
18256 525
18256 526
18257 528
18257 530
18257 532
18258 534
18258 536
18259 537
18259 538
18259 538
18260 538
18260 539
18260 539
18261 539
18261 538
18261 538
18262 538
18262 538
18263 538
18263 537
18263 537
18264 537
18264 537
18264 536
18265 536
18270 534
18275 532
18280 530
18286 527
18291 525
18291 525
18291 525
18292 525
18292 527
18292 530
18293 532
18293 534
18294 535
18294 536
18294 537
18295 538
18295 538
18295 538
18296 538
18296 538
18296 538
18297 538
18297 538
18298 538
18298 537
18298 537
18299 537
18299 537
18299 536
18300 536
18300 536
18305 534
18311 532
18316 530
18321 527
18326 524
18326 524
18327 524
18327 525
18327 527
18328 530
18328 532
18329 534
18329 535
18329 536
18330 537
18330 537
18330 538
18331 538
18331 538
18331 538
18332 538
18332 538
18333 538
18333 537
18333 537
18334 537
18334 537
18334 536
18335 536
18335 536
18335 536
18341 533
18346 532
18351 530
18357 527
18362 524
18362 524
18362 524
18363 525
18363 527
18363 529
18364 531
18364 533
18364 535
18365 536
18365 537
18366 537
18366 538
18366 538
18367 538
18367 538
18367 538
18368 538
18368 537
18368 537
18369 537
18369 537
18369 536
18370 536
18370 536
18371 536
18371 535
18376 533
18382 532
18387 529
18392 527
18397 524
18397 524
18398 524
18398 525
18399 527
18399 529
18399 531
18400 533
18400 534
18400 536
18401 536
18401 537
18401 537
18402 537
18402 538
18402 538
18403 537
18403 537
18404 537
18404 537
18404 537
18405 536
18405 536
18405 536
18406 536
18406 535
18406 535
18412 533
18417 531
18422 529
18428 527
18433 524
18433 524
18433 524
18434 525
18434 526
18435 529
18435 531
18435 533
18436 534
18436 535
18436 536
18437 537
18437 537
18437 537
18438 537
18438 537
18438 537
18439 537
18439 537
18440 537
18440 537
18440 537
18441 536
18441 536
18441 536
18442 536
18442 535
18447 533
18453 531
18458 529
18463 527
18469 524
18469 524
18469 524
18470 525
18470 527
18470 529
18471 531
18471 533
18471 534
18472 535
18472 536
18472 537
18473 537
18473 537
18473 537
18474 537
18474 537
18475 537
18475 537
18475 537
18476 537
18476 537
18476 536
18477 536
18477 536
18477 536
18478 535
18483 533
18489 531
18494 529
18499 527
18505 524
18505 524
18505 524
18505 525
18506 526
18506 529
18506 531
18507 533
18507 534
18507 535
18508 536
18508 537
18509 537
18509 537
18509 537
18510 537
18510 537
18510 537
18511 537
18511 537
18511 537
18512 536
18512 536
18513 536
18513 536
18513 535
18514 535
18519 533
18524 531
18530 529
18535 527
18540 524
18540 524
18541 524
18541 524
18541 526
18542 528
18542 530
18543 532
18543 534
18543 535
18544 536
18544 536
18544 537
18545 537
18545 537
18545 537
18546 537
18546 537
18547 537
18547 537
18547 536
18548 536
18548 536
18548 536
18549 535
18549 535
18549 535
18555 533
18560 531
18566 529
18571 526
18576 524
18576 524
18577 523
18577 524
18577 526
18578 528
18578 530
18579 532
18579 533
18579 534
18580 535
18580 536
18580 536
18581 536
18581 537
18581 537
18582 537
18582 536
18583 536
18583 536
18583 536
18584 536
18584 536
18584 535
18585 535
18585 535
18585 535
18591 532
18596 531
18602 529
18607 526
18612 523
18612 523
18613 523
18613 524
18613 525
18614 527
18614 529
18615 531
18615 533
18615 534
18616 535
18616 535
18616 536
18617 536
18617 536
18617 536
18618 536
18618 536
18619 536
18619 536
18619 536
18620 535
18620 535
18620 535
18621 535
18621 534
18621 534
18627 532
18632 530
18638 528
18643 525
18649 522
18649 522
18649 522
18649 523
18650 525
18650 527
18650 529
18651 530
18651 532
18651 533
18652 534
18652 534
18653 535
18653 535
18653 535
18654 535
18654 535
18654 535
18655 535
18655 535
18655 535
18656 534
18656 534
18657 534
18657 534
18657 534
18658 533
18663 531
18668 529
18674 527
18679 525
18685 522
18685 522
18685 522
18685 522
18686 524
18686 526
18687 528
18687 529
18687 531
18688 532
18688 533
18688 533
18689 534
18689 534
18689 534
18690 534
18690 534
18691 534
18691 534
18691 534
18692 534
18692 534
18692 533
18693 533
18693 533
18693 533
18694 532
18699 530
18705 528
18710 526
18715 524
18721 521
18721 521
18721 521
18722 521
18722 523
18722 525
18723 527
18723 529
18723 530
18724 531
18724 532
18725 533
18725 533
18725 533
18726 533
18726 534
18726 534
18727 533
18727 533
18727 533
18728 533
18728 533
18729 533
18729 532
18729 532
18730 532
18730 532
18735 530
18741 528
18746 526
18752 523
18757 520
18757 520
18758 520
18758 521
18758 522
18759 524
18759 526
18759 528
18760 529
18760 530
18761 531
18761 532
18761 532
18762 533
18762 533
18762 533
18763 533
18763 533
18763 533
18764 533
18764 532
18765 532
18765 532
18765 532
18766 532
18766 531
18766 531
18772 529
18777 527
18783 525
18788 523
18794 520
18794 520
18794 520
18794 520
18795 522
18795 524
18795 526
18796 527
18796 529
18797 530
18797 531
18797 531
18798 532
18798 532
18798 532
18799 532
18799 532
18799 532
18800 532
18800 532
18801 532
18801 532
18801 532
18802 531
18802 531
18802 531
18803 531
18808 529
18814 527
18819 525
18825 522
18830 520
18830 520
18831 520
18831 520
18831 521
18832 523
18832 525
18832 527
18833 528
18833 529
18833 530
18834 531
18834 531
18835 532
18835 532
18835 532
18836 532
18836 532
18836 532
18837 532
18837 532
18837 531
18838 531
18838 531
18839 531
18839 531
18839 530
18845 528
18850 527
18856 525
18861 522
18867 519
18867 519
18867 519
18867 520
18868 521
18868 523
18869 525
18869 526
18869 528
18870 529
18870 530
18870 531
18871 531
18871 531
18871 532
18872 532
18872 532
18873 532
18873 532
18873 531
18874 531
18874 531
18874 531
18875 531
18875 530
18875 530
18876 530
18881 528
18887 526
18892 524
18898 522
18903 519
18903 519
18904 519
18904 519
18905 521
18905 522
18905 524
18906 526
18906 527
18906 529
18907 530
18907 530
18907 531
18908 531
18908 531
18909 531
18909 531
18909 531
18910 531
18910 531
18910 531
18911 531
18911 531
18911 530
18912 530
18912 530
18913 530
18918 528
18924 526
18929 524
18935 522
18940 519
18940 519
18941 519
18941 519
18941 520
18942 522
18942 524
18942 526
18943 527
18943 528
18943 529
18944 530
18944 530
18945 531
18945 531
18945 531
18946 531
18946 531
18946 531
18947 531
18947 531
18947 530
18948 530
18948 530
18949 530
18949 530
18949 530
18955 527
18960 526
18966 524
18971 521
18977 519
18977 519
18977 518
18978 519
18978 520
18978 522
18979 524
18979 525
18980 527
18980 528
18980 529
18981 529
18981 530
18981 530
18982 530
18982 531
18982 531
18983 531
18983 531
18984 530
18984 530
18984 530
18985 530
18985 530
18985 530
18986 529
18986 529
18992 527
18997 526
19003 524
19008 521
19014 518
19014 518
19014 518
19015 519
19015 520
19015 521
19016 523
19016 525
19016 526
19017 527
19017 528
19018 529
19018 530
19018 530
19019 530
19019 530
19019 530
19020 530
19020 530
19020 530
19021 530
19021 530
19021 530
19022 529
19022 529
19023 529
19023 529
19029 527
19034 525
19040 523
19045 521
19051 518
19051 518
19051 518
19052 518
19052 519
19052 521
19053 523
19053 525
19053 526
19054 527
19054 528
19054 529
19055 529
19055 530
19056 530
19056 530
19056 530
19057 530
19057 530
19057 530
19058 530
19058 529
19058 529
19059 529
19059 529
19060 529
19060 529
19066 527
19071 525
19077 523
19082 521
19088 518
19088 518
19088 518
19089 518
19089 519
19089 521
19090 522
19090 524
19090 525
19091 527
19091 528
19092 528
19092 529
19092 529
19093 529
19093 529
19093 530
19094 530
19094 529
19094 529
19095 529
19095 529
19096 529
19096 529
19096 529
19097 528
19097 528
19103 526
19108 525
19114 523
19119 520
19125 517
19125 517
19125 517
19126 518
19126 519
19127 520
19127 522
19127 524
19128 525
19128 526
19128 527
19129 528
19129 528
19129 529
19130 529
19130 529
19131 529
19131 529
19131 529
19132 529
19132 529
19132 529
19133 529
19133 528
19133 528
19134 528
19134 528
19140 526
19145 524
19151 522
19157 520
19162 517
19162 517
19163 517
19163 517
19163 518
19164 520
19164 521
19164 523
19165 524
19165 526
19166 526
19166 527
19166 528
19167 528
19167 528
19167 528
19168 529
19168 529
19168 529
19169 528
19169 528
19170 528
19170 528
19170 528
19171 528
19171 528
19171 527
19177 525
19183 524
19188 522
19194 519
19200 516
19200 516
19200 516
19200 516
19201 517
19201 519
19201 521
19202 522
19202 524
19203 525
19203 526
19203 526
19204 527
19204 527
19204 528
19205 528
19205 528
19205 528
19206 528
19206 528
19206 528
19207 527
19207 527
19208 527
19208 527
19208 527
19209 527
19214 525
19220 523
19226 521
19231 518
19237 515
19237 515
19237 515
19238 516
19238 517
19238 518
19239 520
19239 521
19240 523
19240 524
19240 525
19241 525
19241 526
19241 526
19242 527
19242 527
19242 527
19243 527
19243 527
19244 527
19244 527
19244 527
19245 526
19245 526
19245 526
19246 526
19246 526
19252 524
19257 522
19263 520
19269 518
19274 515
19274 515
19275 515
19275 515
19276 516
19276 517
19276 519
19277 521
19277 522
19277 523
19278 524
19278 525
19278 525
19279 526
19279 526
19280 526
19280 526
19280 526
19281 526
19281 526
19281 526
19282 526
19282 526
19282 526
19283 525
19283 525
19284 525
19289 523
19295 522
19301 520
19306 517
19312 514
19312 514
19312 514
19313 514
19313 515
19313 517
19314 518
19314 520
19315 521
19315 522
19315 523
19316 524
19316 525
19316 525
19317 525
19317 526
19317 526
19318 526
19318 526
19319 526
19319 525
19319 525
19320 525
19320 525
19320 525
19321 525
19321 525
19327 523
19332 521
19338 519
19344 517
19350 514
19350 514
19350 514
19350 514
19351 515
19351 516
19351 518
19352 519
19352 521
19353 522
19353 523
19353 524
19354 524
19354 525
19354 525
19355 525
19355 525
19355 525
19356 525
19356 525
19357 525
19357 525
19357 525
19358 525
19358 525
19358 524
19359 524
19364 522
19370 521
19376 519
19382 516
19387 514
19387 514
19388 514
19388 514
19388 515
19389 516
19389 518
19390 519
19390 520
19390 522
19391 523
19391 523
19391 524
19392 524
19392 525
19392 525
19393 525
19393 525
19394 525
19394 525
19394 525
19395 525
19395 524
19395 524
19396 524
19396 524
19396 524
19402 522
19408 521
19414 519
19419 516
19425 513
19425 513
19426 513
19426 514
19426 514
19427 516
19427 517
19427 519
19428 520
19428 521
19428 522
19429 523
19429 523
19430 524
19430 524
19430 524
19431 525
19431 525
19431 525
19432 525
19432 524
19432 524
19433 524
19433 524
19434 524
19434 524
19434 524
19440 522
19446 520
19452 518
19457 516
19463 513
19463 513
19463 513
19464 513
19464 514
19464 515
19465 517
19465 518
19466 520
19466 521
19466 522
19467 523
19467 523
19467 524
19468 524
19468 524
19468 524
19469 524
19469 524
19470 524
19470 524
19470 524
19471 524
19471 524
19471 524
19472 524
19472 523
19478 522
19484 520
19489 518
19495 516
19501 513
19501 513
19501 513
19502 513
19502 514
19502 515
19503 517
19503 518
19504 520
19504 521
19504 522
19505 522
19505 523
19505 523
19506 524
19506 524
19506 524
19507 524
19507 524
19508 524
19508 524
19508 524
19509 524
19509 524
19509 523
19510 523
19510 523
19516 521
19522 520
19527 518
19533 516
19539 513
19539 513
19539 513
19540 513
19540 514
19540 515
19541 516
19541 518
19542 519
19542 520
19542 521
19543 522
19543 523
19543 523
19544 523
19544 524
19544 524
19545 524
19545 524
19546 524
19546 524
19546 524
19547 524
19547 523
19547 523
19548 523
19548 523
19554 521
19560 520
19565 518
19571 515
19577 513
19577 513
19577 513
19578 513
19578 513
19579 515
19579 516
19579 518
19580 519
19580 520
19580 521
19581 522
19581 522
19581 523
19582 523
19582 523
19583 523
19583 523
19583 524
19584 523
19584 523
19584 523
19585 523
19585 523
19585 523
19586 523
19586 523
19592 521
19598 519
19604 518
19609 515
19615 512
19615 512
19616 512
19616 512
19616 513
19617 514
19617 516
19617 517
19618 519
19618 520
19619 521
19619 521
19619 522
19620 522
19620 523
19620 523
19621 523
19621 523
19621 523
19622 523
19622 523
19623 523
19623 523
19623 523
19624 523
19624 523
19624 522
19630 521
19636 519
19642 517
19648 515
19654 512
19654 512
19654 512
19654 512
19655 513
19655 514
19655 515
19656 517
19656 518
19656 519
19657 520
19657 521
19658 522
19658 522
19658 522
19659 523
19659 523
19659 523
19660 523
19660 523
19660 523
19661 523
19661 523
19662 522
19662 522
19662 522
19663 522
19668 520
19674 519
19680 517
19686 515
19692 512
19692 512
19692 512
19693 512
19693 512
19693 514
19694 515
19694 516
19694 518
19695 519
19695 520
19696 520
19696 521
19696 522
19697 522
19697 522
19697 522
19698 522
19698 522
19698 522
19699 522
19699 522
19700 522
19700 522
19700 522
19701 522
19701 522
19707 520
19713 518
19719 517
19724 514
19730 511
19730 511
19731 511
19731 511
19731 512
19732 513
19732 515
19733 516
19733 517
19733 518
19734 519
19734 520
19734 521
19735 521
19735 521
19735 522
19736 522
19736 522
19737 522
19737 522
19737 522
19738 522
19738 522
19738 522
19739 522
19739 521
19739 521
19745 519
19751 518
19757 516
19763 514
19769 511
19769 511
19769 511
19770 511
19770 512
19770 513
19771 514
19771 515
19771 517
19772 518
19772 519
19773 519
19773 520
19773 521
19774 521
19774 521
19774 521
19775 521
19775 521
19775 521
19776 521
19776 521
19777 521
19777 521
19777 521
19778 521
19778 521
19784 519
19790 518
19796 516
19802 513
19808 510
19808 510
19808 510
19808 510
19809 511
19809 512
19809 513
19810 515
19810 516
19810 517
19811 518
19811 519
19812 519
19812 520
19812 520
19813 520
19813 521
19813 521
19814 521
19814 521
19814 521
19815 521
19815 521
19815 520
19816 520
19816 520
19817 520
19823 518
19828 517
19834 515
19840 512
19846 510
19846 510
19847 509
19847 510
19847 510
19848 511
19848 512
19848 514
19849 515
19849 516
19849 517
19850 518
19850 518
19851 519
19851 519
19851 520
19852 520
19852 520
19852 520
19853 520
19853 520
19853 520
19854 520
19854 520
19855 519
19855 519
19855 519
19861 517
19867 516
19873 514
19879 512
19885 509
19885 509
19885 509
19886 509
19886 509
19886 510
19887 512
19887 513
19887 514
19888 515
19888 516
19889 517
19889 518
19889 518
19890 519
19890 519
19890 519
19891 519
19891 519
19891 519
19892 519
19892 519
19893 519
19893 519
19893 519
19894 519
19894 519
19900 517
19906 515
19912 514
19918 511
19924 508
19924 508
19924 508
19925 508
19925 509
19925 510
19926 511
19926 512
19926 514
19927 515
19927 516
19927 516
19928 517
19928 518
19929 518
19929 518
19929 518
19930 519
19930 519
19930 519
19931 519
19931 519
19931 518
19932 518
19932 518
19933 518
19933 518
19939 516
19945 515
19951 513
19957 511
19963 508
19963 508
19963 508
19964 508
19964 508
19964 509
19965 511
19965 512
19965 513
19966 514
19966 515
19966 516
19967 517
19967 517
19967 517
19968 518
19968 518
19969 518
19969 518
19969 518
19970 518
19970 518
19970 518
19971 518
19971 518
19971 518
19972 518
19978 516
19984 515
19990 513
19996 510
20002 508
20002 508
20002 508
20003 508
20003 508
20003 509
20004 510
20004 512
20004 513
20005 514
20005 515
20005 516
20006 516
20006 517
20007 517
20007 517
20007 518
20008 518
20008 518
20008 518
20009 518
20009 518
20009 518
20010 518
20010 517
20011 517
20011 517
20017 516
20023 514
20029 512
20035 510
20041 507
20041 507
20041 507
20042 507
20042 508
20042 509
20043 510
20043 511
20043 512
20044 514
20044 514
20045 515
20045 516
20045 516
20046 517
20046 517
20046 517
20047 517
20047 517
20047 517
20048 517
20048 517
20049 517
20049 517
20049 517
20050 517
20050 517
20056 515
20062 514
20068 512
20074 510
20080 507
20080 507
20081 507
20081 507
20081 508
20082 509
20082 510
20082 511
20083 512
20083 513
20083 514
20084 515
20084 516
20085 516
20085 516
20085 517
20086 517
20086 517
20086 517
20087 517
20087 517
20087 517
20088 517
20088 517
20088 517
20089 517
20089 517
20095 515
20101 514
20107 512
20113 510
20119 507
20119 507
20120 507
20120 507
20120 507
20121 508
20121 509
20122 511
20122 512
20122 513
20123 514
20123 515
20123 515
20124 516
20124 516
20124 516
20125 517
20125 517
20126 517
20126 517
20126 517
20127 517
20127 517
20127 517
20128 517
20128 517
20128 517
20135 515
20141 514
20147 512
20153 510
20159 507
20159 507
20159 507
20159 507
20160 507
20160 508
20161 509
20161 510
20161 512
20162 513
20162 514
20162 514
20163 515
20163 515
20163 516
20164 516
20164 516
20165 517
20165 517
20165 517
20166 517
20166 517
20166 517
20167 517
20167 516
20167 516
20168 516
20174 515
20180 513
20186 512
20192 509
20198 507
20198 507
20199 506
20199 506
20199 507
20200 508
20200 509
20200 510
20201 511
20201 512
20201 513
20202 514
20202 515
20203 515
20203 516
20203 516
20204 516
20204 516
20204 516
20205 516
20205 516
20205 516
20206 516
20206 516
20207 516
20207 516
20207 516
20213 514
20219 513
20226 511
20232 509
20238 506
20238 506
20238 506
20238 506
20239 507
20239 507
20240 509
20240 510
20240 511
20241 512
20241 513
20241 514
20242 514
20242 515
20242 515
20243 515
20243 516
20244 516
20244 516
20244 516
20245 516
20245 516
20245 516
20246 516
20246 516
20246 516
20247 516
20253 514
20259 513
20265 511
20271 509
20277 506
20277 506
20278 506
20278 506
20278 506
20279 507
20279 508
20280 509
20280 510
20280 511
20281 512
20281 513
20281 514
20282 514
20282 515
20282 515
20283 515
20283 515
20284 516
20284 516
20284 516
20285 516
20285 516
20285 516
20286 515
20286 515
20286 515
20293 514
20299 512
20305 511
20311 508
20317 506
20317 506
20317 505
20318 505
20318 506
20319 507
20319 508
20319 509
20320 510
20320 511
20320 512
20321 513
20321 513
20321 514
20322 514
20322 515
20323 515
20323 515
20323 515
20324 515
20324 515
20324 515
20325 515
20325 515
20325 515
20326 515
20326 515
20332 514
20338 512
20345 510
20351 508
20357 505
20357 505
20357 505
20358 505
20358 506
20358 506
20359 508
20359 509
20359 510
20360 511
20360 512
20361 513
20361 513
20361 514
20362 514
20362 514
20362 515
20363 515
20363 515
20363 515
20364 515
20364 515
20365 515
20365 515
20365 515
20366 515
20366 515
20372 513
20378 512
20384 510
20391 508
20397 505
20397 505
20397 505
20397 505
20398 506
20398 506
20399 507
20399 508
20399 510
20400 511
20400 511
20400 512
20401 513
20401 513
20401 514
20402 514
20402 514
20403 515
20403 515
20403 515
20404 515
20404 515
20404 515
20405 515
20405 515
20405 515
20406 515
20412 513
20418 512
20424 510
20430 508
20437 505
20437 505
20437 505
20437 505
20438 505
20438 506
20438 507
20439 508
20439 509
20440 510
20440 511
20440 512
20441 512
20441 513
20441 513
20442 514
20442 514
20442 514
20443 514
20443 514
20444 514
20444 514
20444 514
20445 514
20445 514
20445 514
20446 514
20452 512
20458 511
20464 509
20470 507
20477 504
20477 504
20477 504
20477 504
20478 504
20478 505
20479 506
20479 507
20479 508
20480 509
20480 510
20480 511
20481 511
20481 512
20481 512
20482 513
20482 513
20482 513
20483 513
20483 513
20484 513
20484 513
20484 513
20485 513
20485 513
20485 513
20486 513
20492 512
20498 510
20504 509
20511 506
20517 503
20517 503
20517 503
20518 503
20518 504
20518 504
20519 505
20519 506
20519 507
20520 508
20520 509
20520 510
20521 511
20521 511
20522 512
20522 512
20522 512
20523 512
20523 513
20523 513
20524 513
20524 513
20524 513
20525 513
20525 513
20526 513
20526 512
20532 511
20538 510
20545 508
20551 506
20557 503
20557 503
20557 503
20558 503
20558 503
20559 504
20559 505
20559 506
20560 507
20560 508
20560 509
20561 509
20561 510
20561 511
20562 511
20562 511
20562 512
20563 512
20563 512
20564 512
20564 512
20564 512
20565 512
20565 512
20565 512
20566 512
20566 512
20572 510
20579 509
20585 507
20591 505
20597 502
20597 502
20598 502
20598 502
20598 503
20599 503
20599 504
20600 505
20600 506
20600 507
20601 508
20601 509
20601 510
20602 510
20602 510
20602 511
20603 511
20603 511
20603 511
20604 512
20604 512
20605 512
20605 512
20605 512
20606 512
20606 511
20606 511
20613 510
20619 509
20625 507
20631 505
20638 502
20638 502
20638 502
20638 502
20639 502
20639 503
20640 504
20640 505
20640 506
20641 507
20641 508
20641 508
20642 509
20642 510
20642 510
20643 510
20643 511
20644 511
20644 511
20644 511
20645 511
20645 511
20645 511
20646 511
20646 511
20646 511
20647 511
20653 510
20659 508
20666 507
20672 504
20678 502
20678 502
20679 502
20679 502
20679 502
20680 502
20680 503
20680 504
20681 505
20681 506
20681 507
20682 508
20682 509
20683 509
20683 510
20683 510
20684 510
20684 510
20684 511
20685 511
20685 511
20685 511
20686 511
20686 511
20687 511
20687 511
20687 511
20694 509
20700 508
20706 506
20712 504
20719 502
20719 502
20719 501
20719 501
20720 502
20720 502
20721 503
20721 504
20721 505
20722 506
20722 507
20722 508
20723 508
20723 509
20723 509
20724 510
20724 510
20725 510
20725 510
20725 510
20726 510
20726 511
20726 511
20727 510
20727 510
20727 510
20728 510
20734 509
20740 508
20747 506
20753 504
20759 501
20759 501
20760 501
20760 501
20760 501
20761 502
20761 503
20762 504
20762 505
20762 506
20763 507
20763 507
20763 508
20764 508
20764 509
20764 509
20765 510
20765 510
20765 510
20766 510
20766 510
20767 510
20767 510
20767 510
20768 510
20768 510
20768 510
20775 509
20781 508
20787 506
20794 504
20800 501
20800 501
20800 501
20801 501
20801 501
20802 502
20802 502
20802 503
20803 504
20803 505
20803 506
20804 507
20804 508
20804 508
20805 509
20805 509
20805 509
20806 509
20806 510
20807 510
20807 510
20807 510
20808 510
20808 510
20808 510
20809 510
20809 510
20815 508
20822 507
20828 505
20835 503
20841 501
20841 501
20841 501
20842 500
20842 501
20842 501
20843 502
20843 503
20843 504
20844 505
20844 506
20845 507
20845 507
20845 508
20846 508
20846 509
20846 509
20847 509
20847 509
20847 509
20848 509
20848 509
20848 509
20849 509
20849 509
20850 509
20850 509
20856 508
20863 507
20869 505
20875 503
20882 500
20882 500
20882 500
20883 500
20883 500
20883 501
20884 502
20884 503
20884 504
20885 504
20885 505
20885 506
20886 507
20886 507
20887 508
20887 508
20887 508
20888 509
20888 509
20888 509
20889 509
20889 509
20889 509
20890 509
20890 509
20891 509
20891 509
20897 508
20904 506
20910 505
20916 503
20923 500
20923 500
20923 500
20924 500
20924 500
20924 500
20925 501
20925 502
20925 503
20926 504
20926 505
20926 506
20927 506
20927 507
20927 507
20928 508
20928 508
20929 508
20929 508
20929 508
20930 509
20930 509
20930 509
20931 509
20931 509
20931 509
20932 508
20938 507
20945 506
20951 504
20957 502
20964 500
20964 500
20964 499
20965 499
20965 499
20965 500
20966 501
20966 502
20966 503
20967 504
20967 504
20967 505
20968 506
20968 506
20969 507
20969 507
20969 507
20970 508
20970 508
20970 508
20971 508
20971 508
20971 508
20972 508
20972 508
20973 508
20973 508
20979 507
20986 506
20992 504
20999 502
21005 499
21005 499
21005 499
21006 499
21006 499
21006 500
21007 500
21007 501
21008 502
21008 503
21008 504
21009 505
21009 505
21009 506
21010 506
21010 507
21010 507
21011 507
21011 507
21012 507
21012 508
21012 508
21013 508
21013 508
21013 508
21014 508
21014 508
21021 506
21027 505
21033 503
21040 501
21046 498
21046 498
21047 498
21047 498
21047 498
21048 499
21048 500
21048 500
21049 501
21049 502
21050 503
21050 504
21050 504
21051 505
21051 505
21051 506
21052 506
21052 506
21052 507
21053 507
21053 507
21054 507
21054 507
21054 507
21055 507
21055 507
21055 507
21062 506
21068 504
21075 503
21081 500
21088 498
21088 498
21088 498
21088 497
21089 498
21089 498
21089 499
21090 500
21090 500
21090 501
21091 502
21091 503
21092 504
21092 504
21092 505
21093 505
21093 505
21093 506
21094 506
21094 506
21094 506
21095 506
21095 506
21096 506
21096 506
21096 506
21097 506
21103 505
21110 504
21116 502
21123 500
21129 497
21129 497
21129 497
21130 497
21130 497
21130 497
21131 498
21131 499
21132 500
21132 501
21132 501
21133 502
21133 503
21133 503
21134 504
21134 504
21134 505
21135 505
21135 505
21136 505
21136 505
21136 505
21137 505
21137 505
21137 505
21138 505
21138 505
21145 504
21151 503
21158 501
21164 499
21171 496
21171 496
21171 496
21171 496
21172 496
21172 497
21172 497
21173 498
21173 499
21173 500
21174 501
21174 502
21175 502
21175 503
21175 503
21176 504
21176 504
21176 504
21177 504
21177 504
21177 505
21178 505
21178 505
21179 505
21179 505
21179 505
21180 505
21186 504
21193 502
21199 501
21206 499
21212 496
21212 496
21213 496
21213 496
21213 496
21214 496
21214 497
21214 498
21215 499
21215 499
21215 500
21216 501
21216 502
21217 502
21217 503
21217 503
21218 503
21218 504
21218 504
21219 504
21219 504
21219 504
21220 504
21220 504
21221 504
21221 504
21221 504
21228 503
21234 502
21241 500
21247 498
21254 496
21254 496
21254 495
21255 495
21255 495
21255 496
21256 497
21256 497
21256 498
21257 499
21257 500
21257 501
21258 501
21258 502
21259 502
21259 503
21259 503
21260 503
21260 503
21260 504
21261 504
21261 504
21261 504
21262 504
21262 504
21263 504
21263 504
21269 503
21276 502
21282 500
21289 498
21296 495
