15241 25
15241 25
15241 25
15242 25
15242 25
15242 25
15243 25
15243 25
15243 25
15244 25
15244 25
15245 25
15245 25
15245 25
15246 25
15246 25
15246 25
15247 25
15247 25
15247 25
15248 25
15248 25
15249 25
15249 25
15249 25
15250 25
15253 25
15257 25
15261 25
15265 25
15269 25
15269 25
15269 25
15270 25
15270 25
15270 25
15271 25
15271 25
15271 25
15272 25
15272 25
15273 25
15273 25
15273 25
15274 25
15274 25
15274 25
15275 25
15275 25
15275 25
15276 25
15276 25
15277 25
15277 25
15277 25
15278 25
15278 25
15282 25
15286 25
15290 25
15294 25
15297 25
15297 25
15298 25
15298 25
15299 25
15299 25
15299 25
15300 25
15300 25
15300 25
15301 25
15301 25
15301 25
15302 25
15302 25
15303 25
15303 25
15303 25
15304 25
15304 25
15304 25
15305 25
15305 25
15305 25
15306 25
15306 25
15307 25
15310 25
15314 25
15318 25
15322 25
15326 25
15326 25
15326 25
15327 25
15327 25
15327 25
15328 25
15328 25
15329 25
15329 25
15329 25
15330 25
15330 25
15330 25
15331 25
15331 25
15331 25
15332 25
15332 25
15332 25
15333 25
15333 25
15334 25
15334 25
15334 25
15335 25
15335 25
15339 25
15343 25
15347 25
15351 25
15355 25
15355 25
15355 25
15355 25
15356 25
15356 25
15356 25
15357 25
15357 25
15357 25
15358 25
15358 25
15359 25
15359 25
15359 25
15360 25
15360 25
15360 25
15361 25
15361 25
15361 25
15362 25
15362 25
15363 25
15363 25
15363 25
15364 25
15368 25
15371 25
15375 25
15379 25
15383 25
15383 25
15384 25
15384 25
15384 25
15385 25
15385 25
15385 25
15386 25
15386 25
15387 25
15387 25
15387 25
15388 25
15388 25
15388 25
15389 25
15389 25
15389 25
15390 25
15390 25
15391 25
15391 25
15391 25
15392 25
15392 25
15392 25
15396 25
15400 25
15404 25
15408 25
15412 25
15412 25
15412 25
15413 25
15413 25
15413 25
15414 25
15414 25
15415 25
15415 25
15415 25
15416 25
15416 25
15416 25
15417 25
15417 25
15417 25
15418 25
15418 25
15419 25
15419 25
15419 25
15420 25
15420 25
15420 25
15421 25
15421 25
15425 25
15429 25
15433 25
15437 25
15441 25
15441 25
15441 25
15442 25
15442 25
15442 25
15443 25
15443 25
15443 25
15444 25
15444 25
15444 25
15445 25
15445 25
15446 25
15446 25
15446 25
15447 25
15447 25
15447 25
15448 25
15448 25
15448 25
15449 25
15449 25
15450 25
15450 25
15454 25
15458 25
15462 25
15466 25
15470 25
15470 25
15470 25
15470 25
15471 25
15471 25
15471 25
15472 25
15472 25
15473 25
15473 25
15473 25
15474 25
15474 25
15474 25
15475 25
15475 25
15475 25
15476 25
15476 25
15477 25
15477 25
15477 25
15478 25
15478 25
15478 25
15479 25
15483 25
15487 25
15491 25
15495 25
15499 25
15499 25
15499 25
15499 25
15500 25
15500 25
15500 25
15501 25
15501 25
15502 25
15502 25
15502 25
15503 25
15503 25
15503 25
15504 25
15504 25
15504 25
15505 25
15505 25
15506 25
15506 25
15506 25
15507 25
15507 25
15507 25
15508 25
15512 25
15516 25
15520 25
15524 25
15528 25
15528 25
15528 25
15528 25
15529 25
15529 25
15530 25
15530 25
15530 25
15531 25
15531 25
15531 25
15532 25
15532 25
15532 25
15533 25
15533 25
15534 25
15534 25
15534 25
15535 25
15535 25
15535 25
15536 25
15536 25
15536 25
15537 25
15541 25
15545 25
15549 25
15553 25
15557 25
15557 25
15557 25
15558 25
15558 25
15558 25
15559 25
15559 25
15559 25
15560 25
15560 25
15560 25
15561 25
15561 25
15561 25
15562 25
15562 25
15563 25
15563 25
15563 25
15564 25
15564 25
15564 25
15565 25
15565 25
15565 25
15566 25
15570 25
15574 25
15578 25
15582 25
15586 25
15586 25
15586 25
15587 25
15587 25
15587 25
15588 25
15588 25
15588 25
15589 25
15589 25
15590 25
15590 25
15590 25
15591 25
15591 25
15591 25
15592 25
15592 25
15592 25
15593 25
15593 25
15594 25
15594 25
15594 25
15595 25
15595 25
15599 25
15603 25
15607 25
15611 25
15615 25
15615 25
15616 25
15616 25
15616 25
15617 25
15617 25
15617 25
15618 25
15618 25
15618 25
15619 25
15619 25
15619 25
15620 25
15620 25
15621 25
15621 25
15621 25
15622 25
15622 25
15622 25
15623 25
15623 25
15623 25
15624 25
15624 25
15628 25
15632 25
15636 25
15640 25
15644 25
15644 25
15645 25
15645 25
15646 25
15646 25
15646 25
15647 25
15647 25
15647 25
15648 25
15648 25
15648 25
15649 25
15649 25
15649 25
15650 25
15650 25
15651 25
15651 25
15651 25
15652 25
15652 25
15652 25
15653 25
15653 25
15653 25
15658 25
15662 25
15666 25
15670 25
15674 25
15674 25
15674 25
15675 25
15675 25
15675 25
15676 25
15676 25
15676 25
15677 25
15677 25
15677 25
15678 25
15678 25
15678 25
15679 25
15679 25
15680 25
15680 25
15680 25
15681 25
15681 25
15681 25
15682 25
15682 25
15682 25
15683 25
15687 25
15691 25
15695 25
15699 25
15703 25
15703 25
15704 25
15704 25
15704 25
15705 25
15705 25
15705 25
15706 25
15706 25
15706 25
15707 25
15707 25
15708 25
15708 25
15708 25
15709 25
15709 25
15709 25
15710 25
15710 25
15710 25
15711 25
15711 25
15712 25
15712 25
15712 25
15716 25
15720 25
15725 25
15729 25
15733 25
15733 25
15733 25
15733 25
15734 25
15734 25
15735 25
15735 25
15735 25
15736 25
15736 25
15736 25
15737 25
15737 25
15737 25
15738 25
15738 25
15739 25
15739 25
15739 25
15740 25
15740 25
15740 25
15741 25
15741 25
15741 25
15742 25
15746 25
15750 25
15754 25
15758 25
15762 25
15762 25
15763 25
15763 25
15763 25
15764 25
15764 25
15765 25
15765 25
15765 25
15766 25
15766 25
15766 25
15767 25
15767 25
15767 25
15768 25
15768 25
15769 25
15769 25
15769 25
15770 25
15770 25
15770 25
15771 25
15771 25
15771 25
15776 25
15780 25
15784 25
15788 25
15792 25
15792 25
15792 25
15793 25
15793 25
15793 25
15794 25
15794 25
15795 25
15795 25
15795 25
15796 25
15796 25
15796 25
15797 25
15797 25
15797 25
15798 25
15798 25
15799 25
15799 25
15799 25
15800 25
15800 25
15800 25
15801 25
15801 25
15805 25
15809 25
15813 25
15818 25
15822 25
15822 25
15822 25
15822 25
15823 25
15823 25
15823 25
15824 25
15824 25
15825 25
15825 25
15825 25
15826 25
15826 25
15826 25
15827 25
15827 25
15827 25
15828 25
15828 25
15829 25
15829 25
15829 25
15830 25
15830 25
15830 25
15831 25
15835 25
15839 25
15843 25
15847 25
15851 25
15851 25
15852 25
15852 25
15853 25
15853 25
15853 25
15854 25
15854 25
15854 25
15855 25
15855 25
15855 25
15856 25
15856 25
15856 25
15857 25
15857 25
15858 25
15858 25
15858 25
15859 25
15859 25
15859 25
15860 25
15860 25
15860 25
15865 25
15869 25
15873 25
15877 25
15881 25
15881 25
15882 25
15882 25
15882 25
15883 25
15883 25
15883 25
15884 25
15884 25
15885 25
15885 25
15885 25
15886 25
15886 25
15886 25
15887 25
15887 25
15887 25
15888 25
15888 25
15889 25
15889 25
15889 25
15890 25
15890 25
15890 25
15894 25
15899 25
15903 25
15907 25
15911 25
15911 25
15912 25
15912 25
15912 25
15913 25
15913 25
15913 25
15914 25
15914 25
15914 25
15915 25
15915 25
15916 25
15916 25
15916 25
15917 25
15917 25
15917 25
15918 25
15918 25
15918 25
15919 25
15919 25
15920 25
15920 25
15920 25
15924 25
15929 25
15933 25
15937 25
15941 25
15941 25
15942 25
15942 25
15942 25
15943 25
15943 25
15943 25
15944 25
15944 25
15944 25
15945 25
15945 25
15946 25
15946 25
15946 25
15947 25
15947 25
15947 25
15948 25
15948 25
15948 25
15949 25
15949 25
15950 25
15950 25
15950 25
15954 25
15959 25
15963 25
15967 25
15971 25
15971 25
15972 25
15972 25
15972 25
15973 25
15973 25
15973 25
15974 25
15974 25
15974 25
15975 25
15975 25
15976 25
15976 25
15976 25
15977 25
15977 25
15977 25
15978 25
15978 25
15978 25
15979 25
15979 25
15980 25
15980 25
15980 25
15985 25
15989 25
15993 25
15997 25
16001 25
16001 25
16002 25
16002 25
16002 25
16003 25
16003 25
16004 25
16004 25
16004 25
16005 25
16005 25
16005 25
16006 25
16006 25
16006 25
16007 25
16007 25
16008 25
16008 25
16008 25
16009 25
16009 25
16009 25
16010 25
16010 25
16010 25
16015 25
16019 25
16023 25
16027 25
16032 25
16032 25
16032 25
16032 25
16033 25
16033 25
16033 25
16034 25
16034 25
16034 25
16035 25
16035 25
16036 25
16036 25
16036 25
16037 25
16037 25
16037 25
16038 25
16038 25
16038 25
16039 25
16039 25
16040 25
16040 25
16040 25
16041 25
16045 25
16049 25
16053 25
16058 25
16062 25
16062 25
16062 25
16063 25
16063 25
16063 25
16064 25
16064 25
16064 25
16065 25
16065 25
16065 25
16066 25
16066 25
16067 25
16067 25
16067 25
16068 25
16068 25
16068 25
16069 25
16069 25
16069 25
16070 25
16070 25
16070 25
16071 25
16075 25
16079 25
16084 25
16088 25
16092 25
16092 25
16092 25
16093 25
16093 25
16094 25
16094 25
16094 25
16095 25
16095 25
16095 25
16096 25
16096 25
16096 25
16097 25
16097 25
16098 25
16098 25
16098 25
16099 25
16099 25
16099 25
16100 25
16100 25
16100 25
16101 25
16101 25
16105 25
16110 25
16114 25
16118 25
16123 25
16123 25
16123 25
16123 25
16124 25
16124 25
16124 25
16125 25
16125 25
16125 25
16126 25
16126 25
16127 25
16127 25
16127 25
16128 25
16128 25
16128 25
16129 25
16129 25
16129 25
16130 25
16130 25
16131 25
16131 25
16131 25
16132 25
16136 25
16140 25
16144 25
16149 25
16153 25
16153 25
16153 25
16154 25
16154 25
16154 25
16155 25
16155 25
16156 25
16156 25
16156 25
16157 25
16157 25
16157 25
16158 25
16158 25
16158 25
16159 25
16159 25
16160 25
16160 25
16160 25
16161 25
16161 25
16161 25
16162 25
16162 25
16166 25
16171 25
16175 25
16179 25
16184 25
16184 25
16184 25
16184 25
16185 25
16185 25
16185 25
16186 25
16186 25
16186 25
16187 25
16187 25
16188 25
16188 25
16188 25
16189 25
16189 25
16189 25
16190 25
16190 25
16190 25
16191 25
16191 25
16192 25
16192 25
16192 25
16193 25
16197 25
16201 25
16206 25
16210 25
16214 25
16214 25
16215 25
16215 25
16215 25
16216 25
16216 25
16216 25
16217 25
16217 25
16217 25
16218 25
16218 25
16219 25
16219 25
16219 25
16220 25
16220 25
16220 25
16221 25
16221 25
16221 25
16222 25
16222 25
16223 25
16223 25
16223 25
16228 25
16232 25
16236 25
16241 25
16245 25
16245 25
16245 25
16246 25
16246 25
16246 25
16247 25
16247 25
16247 25
16248 25
16248 25
16249 25
16249 25
16249 25
16250 25
16250 25
16250 25
16251 25
16251 25
16251 25
16252 25
16252 25
16253 25
16253 25
16253 25
16254 25
16254 25
16258 25
16263 25
16267 25
16271 25
16276 25
16276 1.4e+03
16276 679
16276 633
16277 614
16277 603
16277 596
16278 590
16278 585
16279 582
16279 579
16279 576
16280 573
16280 571
16280 569
16281 568
16281 566
16281 565
16282 564
16282 562
16283 561
16283 560
16283 559
16284 559
16284 558
16284 557
16285 556
16289 556
16293 553
16298 551
16302 548
16306 544
16306 1.4e+03
16307 679
16307 633
16308 614
16308 603
16308 596
16309 590
16309 585
16309 582
16310 579
16310 576
16310 574
16311 571
16311 570
16312 568
16312 566
16312 565
16313 564
16313 562
16313 561
16314 560
16314 559
16314 559
16315 558
16315 557
16316 556
16320 556
16324 553
16329 551
16333 548
16337 544
16337 1.32e+03
16338 679
16338 633
16338 614
16339 603
16339 596
16340 590
16340 585
16340 582
16341 579
16341 576
16341 574
16342 571
16342 570
16342 568
16343 566
16343 565
16344 564
16344 562
16344 561
16345 560
16345 559
16345 559
16346 558
16346 557
16346 556
16351 556
16355 553
16360 551
16364 547
16368 544
16368 1.24e+03
16369 679
16369 633
16369 614
16370 603
16370 596
16371 590
16371 585
16371 582
16372 579
16372 576
16372 573
16373 571
16373 569
16373 568
16374 566
16374 565
16375 564
16375 562
16375 561
16376 560
16376 559
16376 559
16377 558
16377 557
16377 556
16382 556
16386 553
16391 550
16395 547
16399 544
16399 1.16e+03
16400 678
16400 633
16401 614
16401 603
16401 595
16402 590
16402 585
16402 582
16403 578
16403 576
16403 573
16404 571
16404 569
16405 568
16405 566
16405 565
16406 563
16406 562
16406 561
16407 560
16407 559
16407 558
16408 558
16408 557
16409 556
16413 555
16417 553
16422 550
16426 547
16431 544
16431 1.09e+03
16431 678
16431 633
16432 614
16432 603
16432 595
16433 590
16433 585
16433 581
16434 578
16434 576
16435 573
16435 571
16435 569
16436 568
16436 566
16436 565
16437 563
16437 562
16437 561
16438 560
16438 559
16439 558
16439 557
16439 557
16440 556
16444 555
16448 553
16453 550
16457 547
16462 544
16462 1.02e+03
16462 677
16462 632
16463 614
16463 603
16464 595
16464 589
16464 585
16465 581
16465 578
16465 575
16466 573
16466 571
16466 569
16467 567
16467 566
16468 564
16468 563
16468 562
16469 561
16469 560
16469 559
16470 558
16470 557
16470 557
16471 556
16475 555
16480 552
16484 550
16489 547
16493 543
16493 951
16493 676
16494 632
16494 613
16494 602
16495 595
16495 589
16496 585
16496 581
16496 578
16497 575
16497 573
16497 571
16498 569
16498 567
16498 566
16499 564
16499 563
16499 562
16500 561
16500 560
16501 559
16501 558
16501 557
16502 556
16502 556
16506 555
16511 552
16515 549
16520 546
16524 543
16524 887
16525 675
16525 631
16525 613
16526 602
16526 594
16526 589
16527 584
16527 580
16528 577
16528 575
16528 572
16529 570
16529 568
16529 567
16530 565
16530 564
16530 562
16531 561
16531 560
16532 559
16532 558
16532 557
16533 556
16533 556
16533 555
16538 554
16542 551
16547 548
16551 545
16556 542
16556 832
16556 673
16556 630
16557 612
16557 601
16557 594
16558 588
16558 584
16559 580
16559 577
16559 574
16560 572
16560 570
16560 568
16561 566
16561 564
16561 563
16562 562
16562 560
16563 559
16563 558
16563 557
16564 557
16564 556
16564 555
16565 554
16569 553
16574 551
16578 548
16583 545
16587 541
16587 785
16588 672
16588 630
16588 612
16589 601
16589 593
16589 588
16590 583
16590 579
16590 576
16591 574
16591 571
16592 569
16592 567
16592 565
16593 564
16593 562
16593 561
16594 560
16594 559
16594 558
16595 557
16595 556
16596 555
16596 555
16596 554
16601 553
16605 550
16610 547
16614 544
16619 541
16619 742
16619 671
16619 629
16620 611
16620 600
16621 593
16621 587
16621 583
16622 579
16622 576
16622 573
16623 571
16623 569
16623 567
16624 565
16624 564
16625 562
16625 561
16625 560
16626 559
16626 558
16626 557
16627 556
16627 555
16627 554
16628 554
16632 552
16637 550
16641 547
16646 544
16650 541
16650 703
16651 669
16651 629
16651 611
16652 600
16652 593
16653 587
16653 583
16653 579
16654 576
16654 573
16654 571
16655 569
16655 567
16655 565
16656 563
16656 562
16657 561
16657 560
16657 558
16658 557
16658 557
16658 556
16659 555
16659 554
16659 553
16664 552
16668 550
16673 547
16677 544
16682 541
16682 668
16682 668
16683 628
16683 611
16683 600
16684 592
16684 587
16685 582
16685 579
16685 576
16686 573
16686 571
16686 568
16687 567
16687 565
16687 563
16688 562
16688 561
16689 559
16689 558
16689 557
16690 556
16690 556
16690 555
16691 554
16691 553
16696 552
16700 550
16705 547
16709 544
16714 541
16714 640
16714 667
16715 628
16715 610
16715 600
16716 592
16716 587
16716 582
16717 579
16717 576
16717 573
16718 571
16718 568
16719 567
16719 565
16719 563
16720 562
16720 561
16720 559
16721 558
16721 557
16721 556
16722 556
16722 555
16723 554
16723 553
16727 552
16732 550
16737 547
16741 544
16746 541
16746 619
16746 667
16746 629
16747 611
16747 600
16747 593
16748 587
16748 583
16749 579
16749 576
16749 573
16750 571
16750 569
16750 567
16751 565
16751 564
16751 562
16752 561
16752 560
16753 559
16753 558
16753 557
16754 556
16754 555
16754 554
16755 554
16759 552
16764 550
16768 547
16773 544
16778 541
16778 601
16778 665
16778 628
16779 611
16779 600
16779 593
16780 587
16780 583
16780 579
16781 576
16781 573
16782 571
16782 569
16782 567
16783 565
16783 564
16783 562
16784 561
16784 560
16784 559
16785 558
16785 557
16785 556
16786 555
16786 554
16787 554
16791 552
16796 550
16800 547
16805 544
16809 541
16810 586
16810 664
16810 628
16811 611
16811 600
16811 593
16812 587
16812 583
16812 579
16813 576
16813 573
16813 571
16814 569
16814 567
16815 565
16815 564
16815 562
16816 561
16816 560
16816 559
16817 558
16817 557
16817 556
16818 555
16818 554
16819 554
16823 552
16828 550
16832 547
16837 544
16842 541
16842 575
16842 662
16842 627
16843 610
16843 600
16843 593
16844 587
16844 583
16844 579
16845 576
16845 573
16846 571
16846 569
16846 567
16847 565
16847 564
16847 562
16848 561
16848 560
16848 559
16849 558
16849 557
16850 556
16850 555
16850 554
16851 554
16855 552
16860 550
16864 547
16869 544
16874 541
16874 566
16874 660
16874 627
16875 610
16875 600
16876 592
16876 587
16876 583
16877 579
16877 576
16877 573
16878 571
16878 569
16878 567
16879 565
16879 564
16880 562
16880 561
16880 560
16881 559
16881 558
16881 557
16882 556
16882 555
16882 554
16883 554
16887 552
16892 550
16897 547
16901 544
16906 540
16906 559
16906 658
16907 626
16907 610
16907 599
16908 592
16908 587
16908 582
16909 579
16909 576
16910 573
16910 571
16910 569
16911 567
16911 565
16911 564
16912 562
16912 561
16912 560
16913 559
16913 558
16914 557
16914 556
16914 555
16915 554
16915 553
16920 552
16924 549
16929 547
16934 544
16938 540
16938 554
16939 656
16939 625
16939 609
16940 599
16940 592
16940 586
16941 582
16941 579
16941 576
16942 573
16942 571
16943 568
16943 567
16943 565
16944 563
16944 562
16944 561
16945 559
16945 558
16945 557
16946 556
16946 556
16947 555
16947 554
16947 553
16952 552
16957 549
16961 546
16966 543
16971 540
16971 550
16971 654
16971 624
16972 608
16972 598
16972 591
16973 586
16973 582
16973 578
16974 575
16974 573
16975 570
16975 568
16975 566
16976 565
16976 563
16976 562
16977 560
16977 559
16977 558
16978 557
16978 556
16979 555
16979 554
16979 554
16980 553
16984 551
16989 549
16994 546
16998 543
17003 540
17003 547
17003 652
17004 623
17004 608
17004 598
17005 591
17005 586
17006 581
17006 578
17006 575
17007 572
17007 570
17007 568
17008 566
17008 564
17008 563
17009 561
17009 560
17010 559
17010 558
17010 557
17011 556
17011 555
17011 554
17012 553
17012 553
17017 551
17021 548
17026 545
17031 542
17035 539
17035 544
17036 650
17036 622
17037 607
17037 597
17037 590
17038 585
17038 581
17038 577
17039 574
17039 571
17039 569
17040 567
17040 565
17041 564
17041 562
17041 561
17042 559
17042 558
17042 557
17043 556
17043 555
17043 554
17044 553
17044 553
17045 552
17049 550
17054 547
17059 544
17063 541
17068 538
17068 542
17068 647
17069 621
17069 606
17070 596
17070 589
17070 584
17071 580
17071 576
17071 573
17072 571
17072 568
17072 566
17073 564
17073 563
17074 561
17074 560
17074 559
17075 557
17075 556
17075 555
17076 554
17076 553
17076 553
17077 552
17077 551
17082 549
17087 546
17091 544
17096 541
17101 537
17101 540
17101 644
17101 620
17102 605
17102 595
17103 589
17103 583
17103 579
17104 576
17104 573
17104 570
17105 568
17105 566
17105 564
17106 562
17106 561
17107 559
17107 558
17107 557
17108 556
17108 555
17108 554
17109 553
17109 552
17109 551
17110 550
17115 548
17119 546
17124 543
17129 540
17133 537
17134 539
17134 642
17134 619
17135 604
17135 595
17135 588
17136 583
17136 579
17136 575
17137 572
17137 570
17137 567
17138 565
17138 563
17139 562
17139 560
17139 559
17140 557
17140 556
17140 555
17141 554
17141 553
17141 552
17142 552
17142 551
17143 550
17147 548
17152 545
17157 543
17162 540
17166 536
17166 538
17167 640
17167 618
17167 604
17168 594
17168 588
17168 582
17169 578
17169 575
17170 572
17170 569
17170 567
17171 565
17171 563
17171 561
17172 560
17172 558
17172 557
17173 556
17173 555
17174 554
17174 553
17174 552
17175 551
17175 550
17175 550
17180 548
17185 545
17190 542
17194 539
17199 536
17199 537
17200 638
17200 617
17200 603
17201 594
17201 587
17201 582
17202 578
17202 575
17202 572
17203 569
17203 567
17203 565
17204 563
17204 561
17205 560
17205 558
17205 557
17206 556
17206 555
17206 554
17207 553
17207 552
17207 551
17208 550
17208 550
17213 548
17218 545
17223 542
17227 539
17232 536
17232 537
17232 636
17233 616
17233 603
17234 594
17234 587
17234 582
17235 578
17235 574
17235 571
17236 569
17236 567
17236 565
17237 563
17237 561
17238 560
17238 558
17238 557
17239 556
17239 555
17239 554
17240 553
17240 552
17240 551
17241 550
17241 550
17246 547
17251 545
17255 542
17260 539
17265 536
17265 536
17265 634
17266 615
17266 602
17267 593
17267 587
17267 582
17268 578
17268 574
17268 571
17269 569
17269 567
17269 564
17270 563
17270 561
17271 559
17271 558
17271 557
17272 556
17272 555
17272 554
17273 553
17273 552
17273 551
17274 550
17274 549
17279 547
17284 545
17289 542
17293 539
17298 536
17298 536
17299 632
17299 614
17299 602
17300 593
17300 587
17300 582
17301 578
17301 574
17301 571
17302 569
17302 566
17303 564
17303 563
17303 561
17304 559
17304 558
17304 557
17305 556
17305 554
17305 553
17306 553
17306 552
17307 551
17307 550
17307 549
17312 547
17317 545
17322 542
17327 539
17331 536
17331 536
17332 629
17332 614
17332 601
17333 593
17333 586
17334 581
17334 577
17334 574
17335 571
17335 568
17335 566
17336 564
17336 562
17336 561
17337 559
17337 558
17338 557
17338 555
17338 554
17339 553
17339 552
17339 552
17340 551
17340 550
17340 549
17345 547
17350 544
17355 542
17360 539
17365 535
17365 536
17365 627
17365 613
17366 601
17366 592
17366 586
17367 581
17367 577
17367 574
17368 571
17368 568
17369 566
17369 564
17369 562
17370 561
17370 559
17370 558
17371 556
17371 555
17371 554
17372 553
17372 552
17373 551
17373 551
17373 550
17374 549
17379 547
17383 544
17388 541
17393 538
17398 535
17398 535
17398 625
17399 612
17399 600
17399 592
17400 586
17400 581
17400 577
17401 573
17401 571
17402 568
17402 566
17402 564
17403 562
17403 560
17403 559
17404 558
17404 556
17404 555
17405 554
17405 553
17406 552
17406 551
17406 550
17407 550
17407 549
17412 547
17417 544
17422 541
17426 538
17431 535
17431 535
17432 623
17432 611
17432 600
17433 591
17433 585
17433 580
17434 577
17434 573
17435 570
17435 568
17435 566
17436 564
17436 562
17436 560
17437 559
17437 557
17437 556
17438 555
17438 554
17439 553
17439 552
17439 551
17440 550
17440 549
17440 549
17445 546
17450 544
17455 541
17460 538
17465 535
17465 535
17465 621
17465 610
17466 599
17466 591
17467 585
17467 580
17467 576
17468 573
17468 570
17468 568
17469 565
17469 563
17469 562
17470 560
17470 558
17471 557
17471 556
17471 555
17472 554
17472 553
17472 552
17473 551
17473 550
17473 549
17474 548
17479 546
17484 543
17488 541
17493 538
17498 534
17498 534
17499 619
17499 609
17499 598
17500 590
17500 584
17500 580
17501 576
17501 573
17502 570
17502 567
17502 565
17503 563
17503 561
17503 560
17504 558
17504 557
17504 556
17505 554
17505 553
17506 552
17506 551
17506 550
17507 550
17507 549
17507 548
17512 546
17517 543
17522 540
17527 537
17532 534
17532 534
17532 616
17533 607
17533 597
17533 590
17534 584
17534 579
17534 575
17535 572
17535 569
17536 567
17536 564
17536 562
17537 561
17537 559
17537 558
17538 556
17538 555
17538 554
17539 553
17539 552
17540 551
17540 550
17540 549
17541 548
17541 547
17546 545
17551 542
17556 539
17561 536
17566 533
17566 533
17566 613
17566 606
17567 596
17567 589
17567 583
17568 578
17568 574
17569 571
17569 568
17569 566
17570 564
17570 562
17570 560
17571 558
17571 557
17571 555
17572 554
17572 553
17573 552
17573 551
17573 550
17574 549
17574 548
17574 547
17575 547
17580 544
17585 542
17590 539
17594 536
17599 532
17599 532
17600 611
17600 605
17601 595
17601 588
17601 582
17602 577
17602 574
17602 570
17603 568
17603 565
17603 563
17604 561
17604 559
17604 558
17605 556
17605 555
17606 554
17606 552
17606 551
17607 550
17607 549
17607 549
17608 548
17608 547
17608 546
17613 544
17618 541
17623 538
17628 535
17633 532
17633 532
17634 609
17634 603
17634 594
17635 587
17635 581
17635 577
17636 573
17636 570
17637 567
17637 565
17637 563
17638 561
17638 559
17638 557
17639 556
17639 554
17639 553
17640 552
17640 551
17641 550
17641 549
17641 548
17642 547
17642 547
17642 546
17647 543
17652 541
17657 538
17662 535
17667 532
17667 532
17668 606
17668 602
17668 594
17669 587
17669 581
17669 577
17670 573
17670 570
17670 567
17671 564
17671 562
17672 560
17672 559
17672 557
17673 556
17673 554
17673 553
17674 552
17674 551
17674 550
17675 549
17675 548
17676 547
17676 546
17676 546
17681 543
17686 540
17691 538
17696 535
17701 531
17701 531
17702 604
17702 601
17702 593
17703 586
17703 581
17703 576
17704 573
17704 569
17704 567
17705 564
17705 562
17706 560
17706 558
17706 557
17707 555
17707 554
17707 553
17708 552
17708 551
17708 550
17709 549
17709 548
17710 547
17710 546
17710 546
17715 543
17720 540
17725 538
17730 535
17735 531
17735 531
17736 603
17736 600
17736 592
17737 586
17737 580
17737 576
17738 572
17738 569
17739 567
17739 564
17739 562
17740 560
17740 558
17740 557
17741 555
17741 554
17741 553
17742 552
17742 551
17743 550
17743 549
17743 548
17744 547
17744 546
17744 545
17749 543
17754 540
17759 537
17764 534
17769 531
17769 531
17770 601
17770 599
17771 592
17771 585
17771 580
17772 576
17772 572
17772 569
17773 566
17773 564
17773 562
17774 560
17774 558
17774 557
17775 555
17775 554
17776 553
17776 552
17776 550
17777 549
17777 549
17777 548
17778 547
17778 546
17778 545
17784 543
17789 540
17794 537
17799 534
17804 531
17804 531
17804 599
17804 598
17805 591
17805 585
17805 580
17806 576
17806 572
17807 569
17807 566
17807 564
17808 562
17808 560
17808 558
17809 557
17809 555
17809 554
17810 553
17810 551
17811 550
17811 549
17811 548
17812 548
17812 547
17812 546
17813 545
17818 542
17823 540
17828 537
17833 534
17838 531
17838 531
17838 597
17839 597
17839 591
17839 584
17840 579
17840 575
17841 572
17841 569
17841 566
17842 564
17842 562
17842 560
17843 558
17843 556
17843 555
17844 554
17844 552
17845 551
17845 550
17845 549
17846 548
17846 547
17846 547
17847 546
17847 545
17852 542
17857 540
17862 537
17867 534
17872 531
17872 531
17873 595
17873 596
17873 590
17874 584
17874 579
17875 575
17875 571
17875 568
17876 566
17876 563
17876 561
17877 560
17877 558
17877 556
17878 555
17878 554
17879 552
17879 551
17879 550
17880 549
17880 548
17880 547
17881 546
17881 546
17881 545
17887 542
17892 540
17897 537
17902 534
17907 531
17907 531
17907 593
17908 595
17908 589
17908 584
17909 579
17909 575
17909 571
17910 568
17910 566
17910 563
17911 561
17911 559
17912 558
17912 556
17912 555
17913 553
17913 552
17913 551
17914 550
17914 549
17914 548
17915 547
17915 546
17916 546
17916 545
17921 542
17926 539
17931 537
17936 534
17941 530
17941 530
17942 591
17942 594
17943 589
17943 583
17943 578
17944 574
17944 571
17944 568
17945 565
17945 563
17945 561
17946 559
17946 557
17946 556
17947 554
17947 553
17948 552
17948 551
17948 550
17949 549
17949 548
17949 547
17950 546
17950 545
17950 545
17956 542
17961 539
17966 536
17971 533
17976 530
17976 530
17976 589
17977 593
17977 588
17977 582
17978 578
17978 574
17979 570
17979 568
17979 565
17980 563
17980 561
17980 559
17981 557
17981 556
17981 554
17982 553
17982 552
17983 551
17983 549
17983 548
17984 548
17984 547
17984 546
17985 545
17985 544
17990 541
17995 539
18000 536
18006 533
18011 530
18011 530
18011 587
18011 592
18012 587
18012 582
18013 577
18013 573
18013 570
18014 567
18014 565
18014 562
18015 560
18015 559
18015 557
18016 555
18016 554
18016 553
18017 551
18017 550
18018 549
18018 548
18018 547
18019 546
18019 546
18019 545
18020 544
18025 541
18030 538
18035 536
18040 533
18045 530
18045 530
18046 585
18046 591
18047 586
18047 581
18047 577
18048 573
18048 570
18048 567
18049 564
18049 562
18049 560
18050 558
18050 556
18051 555
18051 554
18051 552
18052 551
18052 550
18052 549
18053 548
18053 547
18053 546
18054 545
18054 545
18055 544
18060 541
18065 538
18070 535
18075 532
18080 529
18080 529
18081 583
18081 589
18081 585
18082 580
18082 576
18083 572
18083 569
18083 566
18084 563
18084 561
18084 559
18085 557
18085 556
18085 554
18086 553
18086 552
18086 550
18087 549
18087 548
18088 547
18088 546
18088 545
18089 545
18089 544
18089 543
18095 540
18100 537
18105 534
18110 531
18115 528
18115 528
18116 581
18116 588
18116 584
18117 579
18117 575
18117 571
18118 568
18118 565
18118 563
18119 560
18119 558
18120 557
18120 555
18120 554
18121 552
18121 551
18121 550
18122 548
18122 547
18122 546
18123 546
18123 545
18124 544
18124 543
18124 542
18129 539
18135 537
18140 534
18145 531
18150 527
18150 527
18151 579
18151 586
18151 583
18152 578
18152 574
18152 570
18153 567
18153 564
18153 562
18154 560
18154 558
18155 556
18155 554
18155 553
18156 552
18156 550
18156 549
18157 548
18157 547
18157 546
18158 545
18158 544
18159 543
18159 543
18159 542
18164 539
18170 536
18175 533
18180 530
18185 527
18185 527
18186 577
18186 585
18186 582
18187 577
18187 573
18187 570
18188 567
18188 564
18189 562
18189 559
18189 557
18190 556
18190 554
18190 552
18191 551
18191 550
18191 549
18192 548
18192 546
18193 546
18193 545
18193 544
18194 543
18194 542
18194 541
18200 538
18205 536
18210 533
18215 530
18220 527
18220 527
18221 575
18221 584
18222 581
18222 577
18222 573
18223 569
18223 566
18223 564
18224 561
18224 559
18224 557
18225 555
18225 554
18226 552
18226 551
18226 550
18227 548
18227 547
18227 546
18228 545
18228 544
18228 544
18229 543
18229 542
18230 541
18235 538
18240 535
18245 533
18250 530
18256 527
18256 527
18256 573
18256 583
18257 580
18257 576
18257 572
18258 569
18258 566
18259 563
18259 561
18259 559
18260 557
18260 555
18260 554
18261 552
18261 551
18261 549
18262 548
18262 547
18263 546
18263 545
18263 544
18264 543
18264 543
18264 542
18265 541
18270 538
18275 535
18280 533
18286 530
18291 526
18291 526
18291 572
18292 582
18292 580
18292 576
18293 572
18293 569
18294 566
18294 563
18294 561
18295 559
18295 557
18295 555
18296 553
18296 552
18296 551
18297 549
18297 548
18298 547
18298 546
18298 545
18299 544
18299 543
18299 542
18300 542
18300 541
18305 538
18311 535
18316 532
18321 529
18326 526
18326 526
18327 570
18327 581
18327 579
18328 575
18328 572
18329 568
18329 565
18329 563
18330 561
18330 558
18330 557
18331 555
18331 553
18331 552
18332 550
18332 549
18333 548
18333 547
18333 546
18334 545
18334 544
18334 543
18335 542
18335 542
18335 541
18341 538
18346 535
18351 532
18357 529
18362 526
18362 526
18362 569
18363 580
18363 578
18363 575
18364 571
18364 568
18364 565
18365 563
18365 560
18366 558
18366 556
18366 555
18367 553
18367 552
18367 550
18368 549
18368 548
18368 547
18369 546
18369 545
18369 544
18370 543
18370 542
18371 541
18371 541
18376 537
18382 535
18387 532
18392 529
18397 526
18397 526
18398 567
18398 579
18399 577
18399 574
18399 571
18400 568
18400 565
18400 562
18401 560
18401 558
18401 556
18402 554
18402 553
18402 551
18403 550
18403 549
18404 548
18404 547
18404 546
18405 545
18405 544
18405 543
18406 542
18406 541
18406 541
18412 537
18417 535
18422 532
18428 529
18433 526
18433 526
18433 567
18434 578
18434 578
18435 574
18435 571
18435 568
18436 565
18436 563
18436 560
18437 558
18437 556
18437 555
18438 553
18438 552
18438 550
18439 549
18439 548
18440 547
18440 546
18440 545
18441 544
18441 543
18441 542
18442 542
18442 541
18447 537
18453 535
18458 532
18463 529
18469 526
18469 526
18469 565
18470 577
18470 577
18470 574
18471 571
18471 568
18471 565
18472 563
18472 560
18472 558
18473 556
18473 555
18473 553
18474 552
18474 550
18475 549
18475 548
18475 547
18476 546
18476 545
18476 544
18477 543
18477 542
18477 542
18478 541
18483 537
18489 535
18494 532
18499 529
18505 526
18505 526
18505 564
18505 576
18506 576
18506 574
18506 570
18507 567
18507 565
18507 562
18508 560
18508 558
18509 556
18509 555
18509 553
18510 552
18510 550
18510 549
18511 548
18511 547
18511 546
18512 545
18512 544
18513 543
18513 542
18513 542
18514 541
18519 537
18524 535
18530 532
18535 529
18540 526
18540 526
18541 563
18541 575
18541 575
18542 573
18542 570
18543 567
18543 564
18543 562
18544 560
18544 558
18544 556
18545 554
18545 553
18545 551
18546 550
18546 549
18547 548
18547 547
18547 546
18548 545
18548 544
18548 543
18549 542
18549 541
18549 541
18555 537
18560 534
18566 532
18571 529
18576 526
18576 526
18577 561
18577 574
18577 575
18578 572
18578 569
18579 567
18579 564
18579 562
18580 559
18580 557
18580 556
18581 554
18581 553
18581 551
18582 550
18582 549
18583 547
18583 546
18583 545
18584 544
18584 544
18584 543
18585 542
18585 541
18585 540
18591 537
18596 534
18602 531
18607 528
18612 525
18612 525
18613 560
18613 573
18613 574
18614 571
18614 569
18615 566
18615 563
18615 561
18616 559
18616 557
18616 555
18617 554
18617 552
18617 551
18618 549
18618 548
18619 547
18619 546
18619 545
18620 544
18620 543
18620 542
18621 542
18621 541
18621 540
18627 536
18632 534
18638 531
18643 528
18649 525
18649 525
18649 558
18649 571
18650 572
18650 570
18650 568
18651 565
18651 562
18651 560
18652 558
18652 556
18653 554
18653 553
18653 551
18654 550
18654 549
18654 547
18655 546
18655 545
18655 544
18656 543
18656 542
18657 542
18657 541
18657 540
18658 539
18663 536
18668 533
18674 530
18679 527
18685 524
18685 524
18685 556
18685 569
18686 571
18686 569
18687 566
18687 564
18687 561
18688 559
18688 557
18688 555
18689 553
18689 552
18689 550
18690 549
18690 548
18691 547
18691 545
18691 544
18692 543
18692 542
18692 542
18693 541
18693 540
18693 539
18694 539
18699 535
18705 532
18710 529
18715 526
18721 523
18721 523
18721 554
18722 568
18722 570
18722 568
18723 566
18723 563
18723 561
18724 558
18724 556
18725 555
18725 553
18725 551
18726 550
18726 548
18726 547
18727 546
18727 545
18727 544
18728 543
18728 542
18729 541
18729 540
18729 539
18730 539
18730 538
18735 534
18741 531
18746 529
18752 526
18757 523
18757 523
18758 552
18758 567
18758 569
18759 567
18759 565
18759 562
18760 560
18760 558
18761 556
18761 554
18761 552
18762 551
18762 549
18762 548
18763 547
18763 545
18763 544
18764 543
18764 542
18765 541
18765 540
18765 540
18766 539
18766 538
18766 537
18772 534
18777 531
18783 528
18788 525
18794 522
18794 522
18794 551
18794 565
18795 568
18795 566
18795 564
18796 562
18796 559
18797 557
18797 555
18797 553
18798 552
18798 550
18798 549
18799 547
18799 546
18799 545
18800 544
18800 543
18801 542
18801 541
18801 540
18802 539
18802 538
18802 538
18803 537
18808 533
18814 531
18819 528
18825 525
18830 522
18830 522
18831 550
18831 564
18831 567
18832 566
18832 563
18832 561
18833 559
18833 557
18833 555
18834 553
18834 551
18835 550
18835 548
18835 547
18836 546
18836 545
18836 544
18837 543
18837 542
18837 541
18838 540
18838 539
18839 538
18839 537
18839 537
18845 533
18850 530
18856 528
18861 525
18867 522
18867 522
18867 549
18867 563
18868 566
18868 565
18869 563
18869 561
18869 558
18870 556
18870 555
18870 553
18871 551
18871 550
18871 548
18872 547
18872 546
18873 544
18873 543
18873 542
18874 541
18874 540
18874 540
18875 539
18875 538
18875 537
18876 537
18881 533
18887 530
18892 527
18898 525
18903 521
18903 521
18904 547
18904 562
18905 565
18905 564
18905 562
18906 560
18906 558
18906 556
18907 554
18907 552
18907 551
18908 549
18908 548
18909 547
18909 545
18909 544
18910 543
18910 542
18910 541
18911 540
18911 539
18911 539
18912 538
18912 537
18913 536
18918 533
18924 530
18929 527
18935 524
18940 521
18940 521
18941 546
18941 561
18941 564
18942 564
18942 562
18942 560
18943 558
18943 556
18943 554
18944 552
18944 551
18945 549
18945 548
18945 546
18946 545
18946 544
18946 543
18947 542
18947 541
18947 540
18948 539
18948 538
18949 538
18949 537
18949 536
18955 532
18960 530
18966 527
18971 524
18977 521
18977 521
18977 545
18978 560
18978 564
18978 563
18979 561
18979 559
18980 557
18980 555
18980 554
18981 552
18981 550
18981 549
18982 547
18982 546
18982 545
18983 544
18983 543
18984 542
18984 541
18984 540
18985 539
18985 538
18985 537
18986 537
18986 536
18992 532
18997 529
19003 527
19008 524
19014 521
19014 521
19014 544
19015 559
19015 563
19015 562
19016 561
19016 559
19016 557
19017 555
19017 553
19018 551
19018 550
19018 548
19019 547
19019 546
19019 545
19020 543
19020 542
19020 541
19021 540
19021 539
19021 539
19022 538
19022 537
19023 536
19023 536
19029 532
19034 529
19040 527
19045 524
19051 520
19051 520
19051 543
19052 558
19052 562
19052 562
19053 560
19053 558
19053 556
19054 555
19054 553
19054 551
19055 550
19055 548
19056 547
19056 545
19056 544
19057 543
19057 542
19057 541
19058 540
19058 539
19058 538
19059 538
19059 537
19060 536
19060 535
19066 532
19071 529
19077 526
19082 523
19088 520
19088 520
19088 542
19089 557
19089 561
19089 561
19090 560
19090 558
19090 556
19091 554
19091 552
19092 551
19092 549
19092 548
19093 546
19093 545
19093 544
19094 543
19094 542
19094 541
19095 540
19095 539
19096 538
19096 537
19096 537
19097 536
19097 535
19103 531
19108 529
19114 526
19119 523
19125 520
19125 520
19125 541
19126 556
19126 560
19127 560
19127 559
19127 557
19128 555
19128 554
19128 552
19129 550
19129 549
19129 547
19130 546
19130 545
19131 544
19131 542
19131 541
19132 540
19132 539
19132 539
19133 538
19133 537
19133 536
19134 535
19134 535
19140 531
19145 528
19151 525
19157 523
19162 519
19162 519
19163 540
19163 555
19163 559
19164 559
19164 558
19164 557
19165 555
19165 553
19166 551
19166 550
19166 548
19167 547
19167 546
19167 544
19168 543
19168 542
19168 541
19169 540
19169 539
19170 538
19170 537
19170 537
19171 536
19171 535
19171 534
19177 530
19183 528
19188 525
19194 522
19200 519
19200 519
19200 538
19200 553
19201 558
19201 558
19201 557
19202 556
19202 554
19203 552
19203 551
19203 549
19204 548
19204 546
19204 545
19205 544
19205 542
19205 541
19206 540
19206 539
19206 538
19207 537
19207 537
19208 536
19208 535
19208 534
19209 534
19214 530
19220 527
19226 524
19231 521
19237 518
19237 518
19237 537
19238 552
19238 557
19238 557
19239 556
19239 555
19240 553
19240 551
19240 550
19241 548
19241 547
19241 545
19242 544
19242 543
19242 542
19243 541
19243 539
19244 539
19244 538
19244 537
19245 536
19245 535
19245 534
19246 534
19246 533
19252 529
19257 526
19263 523
19269 521
19274 517
19274 517
19275 536
19275 550
19276 555
19276 556
19276 555
19277 554
19277 552
19277 551
19278 549
19278 547
19278 546
19279 545
19279 543
19280 542
19280 541
19280 540
19281 539
19281 538
19281 537
19282 536
19282 535
19282 534
19283 534
19283 533
19284 532
19289 528
19295 526
19301 523
19306 520
19312 517
19312 517
19312 534
19313 549
19313 554
19313 555
19314 555
19314 553
19315 552
19315 550
19315 548
19316 547
19316 545
19316 544
19317 543
19317 542
19317 540
19318 539
19318 538
19319 537
19319 537
19319 536
19320 535
19320 534
19320 533
19321 533
19321 532
19327 528
19332 525
19338 523
19344 520
19350 517
19350 517
19350 534
19350 548
19351 554
19351 555
19351 554
19352 553
19352 551
19353 549
19353 548
19353 546
19354 545
19354 544
19354 542
19355 541
19355 540
19355 539
19356 538
19356 537
19357 536
19357 535
19357 535
19358 534
19358 533
19358 532
19359 532
19364 528
19370 525
19376 522
19382 519
19387 516
19387 516
19388 533
19388 547
19388 553
19389 554
19389 553
19390 552
19390 551
19390 549
19391 548
19391 546
19391 545
19392 543
19392 542
19392 541
19393 540
19393 539
19394 538
19394 537
19394 536
19395 535
19395 534
19395 534
19396 533
19396 532
19396 531
19402 527
19408 525
19414 522
19419 519
19425 516
19425 516
19426 532
19426 546
19426 552
19427 553
19427 553
19427 552
19428 550
19428 549
19428 547
19429 546
19429 544
19430 543
19430 542
19430 541
19431 540
19431 539
19431 538
19432 537
19432 536
19432 535
19433 534
19433 533
19434 533
19434 532
19434 531
19440 527
19446 525
19452 522
19457 519
19463 516
19463 516
19463 531
19464 546
19464 551
19464 553
19465 552
19465 551
19466 550
19466 548
19466 547
19467 546
19467 544
19467 543
19468 542
19468 541
19468 539
19469 538
19469 537
19470 536
19470 536
19470 535
19471 534
19471 533
19471 532
19472 532
19472 531
19478 527
19484 524
19489 522
19495 519
19501 516
19501 516
19501 530
19502 545
19502 551
19502 552
19503 552
19503 551
19504 549
19504 548
19504 547
19505 545
19505 544
19505 543
19506 541
19506 540
19506 539
19507 538
19507 537
19508 536
19508 535
19508 535
19509 534
19509 533
19509 532
19510 532
19510 531
19516 527
19522 524
19527 522
19533 519
19539 516
19539 516
19539 530
19540 544
19540 550
19540 551
19541 551
19541 550
19542 549
19542 548
19542 546
19543 545
19543 544
19543 542
19544 541
19544 540
19544 539
19545 538
19545 537
19546 536
19546 535
19546 534
19547 534
19547 533
19547 532
19548 531
19548 531
19554 527
19560 524
19565 521
19571 519
19577 515
19577 515
19577 529
19578 543
19578 549
19579 551
19579 551
19579 550
19580 549
19580 547
19580 546
19581 545
19581 543
19581 542
19582 541
19582 540
19583 539
19583 538
19583 537
19584 536
19584 535
19584 534
19585 533
19585 533
19585 532
19586 531
19586 531
19592 526
19598 524
19604 521
19609 518
19615 515
19615 515
19616 528
19616 542
19616 548
19617 550
19617 550
19617 549
19618 548
19618 547
19619 546
19619 544
19619 543
19620 542
19620 541
19620 540
19621 538
19621 537
19621 537
19622 536
19622 535
19623 534
19623 533
19623 532
19624 532
19624 531
19624 530
19630 526
19636 523
19642 521
19648 518
19654 515
19654 515
19654 527
19654 541
19655 548
19655 550
19655 550
19656 549
19656 548
19656 547
19657 545
19657 544
19658 543
19658 541
19658 540
19659 539
19659 538
19659 537
19660 536
19660 535
19660 534
19661 534
19661 533
19662 532
19662 531
19662 531
19663 530
19668 526
19674 523
19680 521
19686 518
19692 515
19692 515
19692 527
19693 540
19693 547
19693 549
19694 549
19694 548
19694 547
19695 546
19695 545
19696 543
19696 542
19696 541
19697 540
19697 539
19697 538
19698 537
19698 536
19698 535
19699 534
19699 533
19700 532
19700 532
19700 531
19701 530
19701 530
19707 525
19713 523
19719 520
19724 517
19730 514
19730 514
19731 526
19731 539
19731 546
19732 548
19732 548
19733 548
19733 547
19733 546
19734 544
19734 543
19734 542
19735 541
19735 540
19735 538
19736 537
19736 536
19737 535
19737 535
19737 534
19738 533
19738 532
19738 531
19739 531
19739 530
19739 529
19745 525
19751 522
19757 520
19763 517
19769 514
19769 514
19769 525
19770 538
19770 545
19770 547
19771 548
19771 547
19771 546
19772 545
19772 544
19773 543
19773 541
19773 540
19774 539
19774 538
19774 537
19775 536
19775 535
19775 534
19776 533
19776 533
19777 532
19777 531
19777 530
19778 530
19778 529
19784 525
19790 522
19796 519
19802 516
19808 513
19808 513
19808 524
19808 537
19809 544
19809 546
19809 547
19810 546
19810 545
19810 544
19811 543
19811 542
19812 541
19812 539
19812 538
19813 537
19813 536
19813 535
19814 534
19814 533
19814 533
19815 532
19815 531
19815 530
19816 530
19816 529
19817 528
19823 524
19828 521
19834 518
19840 516
19846 512
19846 512
19847 523
19847 536
19847 542
19848 545
19848 546
19848 545
19849 544
19849 543
19849 542
19850 541
19850 540
19851 539
19851 538
19851 536
19852 535
19852 534
19852 534
19853 533
19853 532
19853 531
19854 530
19854 530
19855 529
19855 528
19855 528
19861 523
19867 521
19873 518
19879 515
19885 512
19885 512
19885 522
19886 535
19886 541
19886 544
19887 545
19887 544
19887 543
19888 542
19888 541
19889 540
19889 539
19889 538
19890 537
19890 536
19890 535
19891 534
19891 533
19891 532
19892 531
19892 530
19893 530
19893 529
19893 528
19894 528
19894 527
19900 523
19906 520
19912 517
19918 514
19924 511
19924 511
19924 521
19925 534
19925 540
19925 543
19926 544
19926 543
19926 543
19927 542
19927 541
19927 540
19928 538
19928 537
19929 536
19929 535
19929 534
19930 533
19930 532
19930 532
19931 531
19931 530
19931 529
19932 528
19932 528
19933 527
19933 527
19939 522
19945 520
19951 517
19957 514
19963 511
19963 511
19963 520
19964 533
19964 539
19964 542
19965 543
19965 543
19965 542
19966 541
19966 540
19966 539
19967 538
19967 537
19967 536
19968 535
19968 534
19969 533
19969 532
19969 531
19970 530
19970 530
19970 529
19971 528
19971 527
19971 527
19972 526
19978 522
19984 519
19990 517
19996 514
20002 511
20002 511
20002 519
20003 532
20003 539
20003 542
20004 542
20004 542
20004 542
20005 541
20005 540
20005 539
20006 538
20006 537
20007 536
20007 535
20007 534
20008 533
20008 532
20008 531
20009 530
20009 529
20009 529
20010 528
20010 527
20011 527
20011 526
20017 522
20023 519
20029 516
20035 514
20041 510
20041 510
20041 519
20042 531
20042 538
20042 541
20043 542
20043 542
20043 541
20044 540
20044 539
20045 538
20045 537
20045 536
20046 535
20046 534
20046 533
20047 532
20047 531
20047 531
20048 530
20048 529
20049 528
20049 528
20049 527
20050 526
20050 526
20056 521
20062 519
20068 516
20074 513
20080 510
20080 510
20081 518
20081 530
20081 537
20082 540
20082 541
20082 541
20083 541
20083 540
20083 539
20084 538
20084 537
20085 536
20085 535
20085 534
20086 533
20086 532
20086 531
20087 530
20087 530
20087 529
20088 528
20088 527
20088 527
20089 526
20089 525
20095 521
20101 519
20107 516
20113 513
20119 510
20119 510
20120 518
20120 530
20120 537
20121 540
20121 541
20122 541
20122 540
20122 540
20123 539
20123 538
20123 537
20124 536
20124 535
20124 534
20125 533
20125 532
20126 531
20126 530
20126 529
20127 529
20127 528
20127 527
20128 527
20128 526
20128 525
20135 521
20141 518
20147 516
20153 513
20159 510
20159 510
20159 517
20159 529
20160 536
20160 539
20161 540
20161 540
20161 540
20162 539
20162 538
20162 537
20163 536
20163 535
20163 534
20164 533
20164 533
20165 532
20165 531
20165 530
20166 529
20166 528
20166 528
20167 527
20167 526
20167 526
20168 525
20174 521
20180 518
20186 516
20192 513
20198 510
20198 510
20199 517
20199 528
20199 535
20200 539
20200 540
20200 540
20201 540
20201 539
20201 538
20202 537
20202 536
20203 535
20203 534
20203 533
20204 532
20204 531
20204 531
20205 530
20205 529
20205 528
20206 527
20206 527
20207 526
20207 525
20207 525
20213 521
20219 518
20226 515
20232 512
20238 509
20238 509
20238 516
20238 528
20239 535
20239 538
20240 539
20240 539
20240 539
20241 538
20241 538
20241 537
20242 536
20242 535
20242 534
20243 533
20243 532
20244 531
20244 530
20244 529
20245 529
20245 528
20245 527
20246 527
20246 526
20246 525
20247 525
20253 520
20259 518
20265 515
20271 512
20277 509
20277 509
20278 516
20278 527
20278 534
20279 537
20279 539
20280 539
20280 539
20280 538
20281 537
20281 536
20281 535
20282 534
20282 533
20282 532
20283 532
20283 531
20284 530
20284 529
20284 528
20285 528
20285 527
20285 526
20286 526
20286 525
20286 524
20293 520
20299 517
20305 515
20311 512
20317 509
20317 509
20317 515
20318 526
20318 533
20319 537
20319 538
20319 539
20320 538
20320 538
20320 537
20321 536
20321 535
20321 534
20322 533
20322 532
20323 531
20323 531
20323 530
20324 529
20324 528
20324 527
20325 527
20325 526
20325 525
20326 525
20326 524
20332 520
20338 517
20345 514
20351 512
20357 509
20357 509
20357 515
20358 526
20358 533
20358 536
20359 538
20359 538
20359 538
20360 537
20360 537
20361 536
20361 535
20361 534
20362 533
20362 532
20362 531
20363 530
20363 530
20363 529
20364 528
20364 527
20365 527
20365 526
20365 525
20366 525
20366 524
20372 520
20378 517
20384 514
20391 512
20397 508
20397 508
20397 514
20397 525
20398 532
20398 536
20399 537
20399 538
20399 537
20400 537
20400 536
20400 535
20401 535
20401 534
20401 533
20402 532
20402 531
20403 530
20403 529
20403 529
20404 528
20404 527
20404 526
20405 526
20405 525
20405 524
20406 524
20412 519
20418 517
20424 514
20430 511
20437 508
20437 508
20437 514
20437 524
20438 531
20438 535
20438 536
20439 537
20439 537
20440 536
20440 535
20440 535
20441 534
20441 533
20441 532
20442 531
20442 530
20442 529
20443 529
20443 528
20444 527
20444 526
20444 526
20445 525
20445 524
20445 524
20446 523
20452 519
20458 516
20464 513
20470 510
20477 507
20477 507
20477 513
20477 523
20478 530
20478 534
20479 535
20479 536
20479 536
20480 535
20480 535
20480 534
20481 533
20481 532
20481 531
20482 530
20482 530
20482 529
20483 528
20483 527
20484 526
20484 526
20484 525
20485 524
20485 524
20485 523
20486 522
20492 518
20498 515
20504 513
20511 510
20517 507
20517 507
20517 512
20518 522
20518 529
20518 532
20519 534
20519 535
20519 535
20520 534
20520 534
20520 533
20521 532
20521 531
20522 530
20522 530
20522 529
20523 528
20523 527
20523 526
20524 526
20524 525
20524 524
20525 524
20525 523
20526 522
20526 522
20532 517
20538 515
20545 512
20551 509
20557 506
20557 506
20557 511
20558 521
20558 528
20559 532
20559 533
20559 534
20560 534
20560 534
20560 533
20561 532
20561 532
20561 531
20562 530
20562 529
20562 528
20563 527
20563 527
20564 526
20564 525
20564 524
20565 524
20565 523
20565 522
20566 522
20566 521
20572 517
20579 514
20585 512
20591 509
20597 506
20597 506
20598 510
20598 520
20598 527
20599 531
20599 533
20600 533
20600 533
20600 533
20601 532
20601 532
20601 531
20602 530
20602 529
20602 529
20603 528
20603 527
20603 526
20604 525
20604 525
20605 524
20605 523
20605 523
20606 522
20606 521
20606 521
20613 516
20619 514
20625 511
20631 508
20638 505
20638 505
20638 510
20638 519
20639 526
20639 530
20640 532
20640 533
20640 533
20641 532
20641 532
20641 531
20642 531
20642 530
20642 529
20643 528
20643 527
20644 527
20644 526
20644 525
20645 524
20645 524
20645 523
20646 522
20646 522
20646 521
20647 521
20653 516
20659 513
20666 511
20672 508
20678 505
20678 505
20679 509
20679 519
20679 525
20680 529
20680 531
20680 532
20681 532
20681 532
20681 531
20682 531
20682 530
20683 529
20683 529
20683 528
20684 527
20684 526
20684 525
20685 525
20685 524
20685 523
20686 523
20686 522
20687 521
20687 521
20687 520
20694 516
20700 513
20706 511
20712 508
20719 505
20719 505
20719 509
20719 518
20720 525
20720 529
20721 531
20721 532
20721 532
20722 532
20722 531
20722 530
20723 530
20723 529
20723 528
20724 527
20724 527
20725 526
20725 525
20725 524
20726 524
20726 523
20726 522
20727 522
20727 521
20727 521
20728 520
20734 516
20740 513
20747 510
20753 508
20759 505
20759 505
20760 509
20760 517
20760 524
20761 528
20761 530
20762 531
20762 531
20762 531
20763 531
20763 530
20763 529
20764 529
20764 528
20764 527
20765 526
20765 526
20765 525
20766 524
20766 523
20767 523
20767 522
20767 521
20768 521
20768 520
20768 520
20775 515
20781 513
20787 510
20794 507
20800 504
20800 504
20800 508
20801 517
20801 523
20802 527
20802 530
20802 531
20803 531
20803 531
20803 530
20804 530
20804 529
20804 528
20805 527
20805 527
20805 526
20806 525
20806 524
20807 524
20807 523
20807 522
20808 522
20808 521
20808 521
20809 520
20809 519
20815 515
20822 512
20828 510
20835 507
20841 504
20841 504
20841 508
20842 516
20842 523
20842 527
20843 529
20843 530
20843 530
20844 530
20844 530
20845 529
20845 528
20845 528
20846 527
20846 526
20846 526
20847 525
20847 524
20847 523
20848 523
20848 522
20848 521
20849 521
20849 520
20850 520
20850 519
20856 515
20863 512
20869 509
20875 507
20882 504
20882 504
20882 507
20883 515
20883 522
20883 526
20884 528
20884 529
20884 530
20885 530
20885 529
20885 529
20886 528
20886 527
20887 527
20887 526
20887 525
20888 524
20888 524
20888 523
20889 522
20889 522
20889 521
20890 520
20890 520
20891 519
20891 519
20897 514
20904 512
20910 509
20916 506
20923 503
20923 503
20923 507
20924 515
20924 521
20924 525
20925 528
20925 529
20925 529
20926 529
20926 529
20926 528
20927 528
20927 527
20927 526
20928 525
20928 525
20929 524
20929 523
20929 523
20930 522
20930 521
20930 521
20931 520
20931 519
20931 519
20932 518
20938 514
20945 511
20951 509
20957 506
20964 503
20964 503
20964 506
20965 514
20965 520
20965 525
20966 527
20966 528
20966 528
20967 528
20967 528
20967 528
20968 527
20968 526
20969 526
20969 525
20969 524
20970 524
20970 523
20970 522
20971 522
20971 521
20971 520
20972 520
20972 519
20973 519
20973 518
20979 513
20986 511
20992 508
20999 506
21005 502
21005 502
21005 506
21006 513
21006 520
21006 524
21007 526
21007 527
21008 528
21008 528
21008 527
21009 527
21009 526
21009 526
21010 525
21010 524
21010 524
21011 523
21011 522
21012 522
21012 521
21012 520
21013 520
21013 519
21013 519
21014 518
21014 518
21021 513
21027 510
21033 508
21040 505
21046 502
21046 502
21047 505
21047 512
21047 519
21048 523
21048 525
21048 526
21049 527
21049 527
21050 527
21050 526
21050 526
21051 525
21051 524
21051 524
21052 523
21052 522
21052 522
21053 521
21053 520
21054 520
21054 519
21054 518
21055 518
21055 517
21055 517
21062 512
21068 510
21075 507
21081 504
21088 501
21088 501
21088 504
21088 511
21089 518
21089 522
21089 524
21090 525
21090 526
21090 526
21091 526
21091 525
21092 525
21092 524
21092 524
21093 523
21093 522
21093 522
21094 521
21094 520
21094 520
21095 519
21095 518
21096 518
21096 517
21096 517
21097 516
21103 511
21110 509
21116 506
21123 503
21129 500
21129 500
21129 503
21130 510
21130 516
21130 521
21131 523
21131 524
21132 525
21132 525
21132 525
21133 524
21133 524
21133 523
21134 523
21134 522
21134 521
21135 521
21135 520
21136 519
21136 519
21136 518
21137 518
21137 517
21137 516
21138 516
21138 515
21145 511
21151 508
21158 506
21164 503
21171 500
21171 500
21171 502
21171 509
21172 516
21172 520
21172 522
21173 524
21173 524
21173 524
21174 524
21174 524
21175 523
21175 523
21175 522
21176 522
21176 521
21176 520
21177 520
21177 519
21177 518
21178 518
21178 517
21179 516
21179 516
21179 515
21180 515
21186 510
21193 508
21199 505
21206 502
21212 499
21212 499
21213 502
21213 509
21213 515
21214 519
21214 522
21214 523
21215 524
21215 524
21215 524
21216 523
21216 523
21217 522
21217 522
21217 521
21218 520
21218 520
21218 519
21219 518
21219 518
21219 517
21220 517
21220 516
21221 515
21221 515
21221 514
21228 510
21234 507
21241 505
21247 502
21254 499
21254 499
21254 501
21255 508
21255 514
21255 518
21256 521
21256 522
21256 523
21257 523
21257 523
21257 523
21258 522
21258 522
21259 521
21259 521
21259 520
21260 519
21260 519
21260 518
21261 517
21261 517
21261 516
21262 516
21262 515
21263 515
21263 514
21269 510
21276 507
21282 505
21289 502
21296 499
